177721.047025 8310.288047 1753.361102 -663.500325 -5034.489714 -7691.039882 -418.191763 -7214.803842 -4089.513021 3584.167617 -9560.897752 -13273.649190 -12437.688580 2652.682377 -2641.677992 4701.323867 -1477.802641 -10650.623304 56802.280622 -16315.877402 -5558.343578 -5799.821684 -1237.923331 -9408.782491 -3115.702790 -13398.472099 -10915.784932 -15870.819049 -7241.769975 -17206.012863 5070.237946 4278.152907 84.874044 -8125.728392 -8326.704712 -8793.433572 16928.493940 -101.240164 -13328.739568 -12270.597717 15357.803282 4703.441793 7592.836473 -19127.799845 -3053.567720 1071.286950 5449.330669 6373.731126 4849.697069 -11031.794443 993.993748 -12609.375564 -9790.608044 -11824.801862 3339.042714 -12918.220936 -6977.022865 13840.986995 14296.667785 -15331.461750 19384.175562 4818.383170 -399.594071 -12344.214120 -14086.989563 3172.291891 -1785.682652 406.027490 -2917.527127 -8749.655587 13881.798635 -9818.416419 -324.661263 -12681.935464 206.327509 13890.114361 4861.206227 -16934.967449 -13282.615733 -3716.050867 -3838.571961 6245.792015 -5249.587876 -1959.723781 14140.463522 2162.170809
8310.288047 179311.116707 -639.753311 1081.507115 -6166.603560 -8929.049809 -3600.090239 -14369.653372 -2886.814675 36878.697627 -14054.880747 -21669.178720 -18343.610253 5653.419765 -6026.840651 57065.010242 13455.280305 -15487.006347 13119.188247 -19319.982744 -10304.724166 -9696.613108 -3621.021372 -12588.427421 -2394.702248 -14490.979219 -11398.351009 -16771.913392 -7265.809482 -17719.242774 1768.796378 -7361.123284 -701.326014 -11162.442387 -13364.243590 -12145.525969 15931.789311 -6632.952020 -8392.896232 -18121.370969 22250.649119 57136.407234 -1964.206832 -22025.349089 -8459.009303 -4013.454414 9524.598980 -506.498260 10710.455940 -12682.636935 7592.061505 -18870.357274 -12344.552504 -18272.611495 -213.125008 -15729.801861 -9094.763497 16358.528386 14794.681554 -18754.825213 22506.832763 19453.797290 -5588.711644 -16160.706811 -17187.065071 9034.795610 -7921.539879 -894.211826 -3207.638949 -13234.536372 15299.527332 -17414.200907 -4411.035209 -15742.214176 -6388.714194 15943.357887 56958.383063 -20066.282173 -18644.310140 -9769.040411 -7236.610383 11676.078381 -6596.767688 -8211.891253 8024.759962 7393.789108
1753.361102 -639.753311 179223.364768 -1333.286389 -4943.626678 -2793.603216 4177.905382 -6084.199465 -3569.673208 -9094.855200 -7438.311798 -9808.165758 -9104.575838 -91.985421 -2989.324658 -9890.570040 -6684.787362 -8169.769418 1535.254201 -10507.444394 -5695.712367 -2423.713799 44183.806920 -4990.321642 -4577.561388 -9780.974871 -7844.865216 -9966.253951 -5633.627649 -12865.193450 9003.498931 895.605577 9641.521724 -13201.208394 3249.011393 -10064.354090 -2636.151955 -4362.899103 -10219.492806 -9200.263331 -1073.330561 -9850.480014 -1425.220423 -13603.934387 -2907.841925 61667.672107 6000.109132 6366.988776 -2612.108899 -8702.210597 -4137.054332 -9536.201004 -4486.395020 -9725.372023 -1013.708763 -7680.550649 -5049.839985 208.182847 1190.323039 -8516.012074 1690.389727 1951.887622 49891.425333 -9505.954476 -6732.590043 6480.801122 5291.826566 3767.455483 -4500.823637 -5721.804198 -907.807836 -9656.810674 -1025.214417 -8373.940429 -4171.936789 -2157.366421 -9752.740791 -11750.502101 -11303.744330 -8201.696988 -4844.283122 -3875.886587 -5774.174512 -747.633244 2472.197186 5289.108476
-663.500325 1081.507115 -1333.286389 179867.441250 199.467736 -3970.501921 184.424361 -6174.019657 5987.309024 4036.112746 -5215.393206 -1011.859384 -11323.348790 7639.162049 3813.102296 -1363.024999 -942.351691 -4066.895729 1062.241018 -3302.487408 3537.250512 -1263.340246 -3386.988071 -4987.154805 171.491814 1117.846172 2721.315624 -7805.260020 -4463.853881 -9660.332743 -3102.501706 4526.480778 -2627.058809 852.477975 -768.570934 4673.976348 -7124.044453 3582.358934 1411.176257 -11330.117896 -7386.275445 -1216.868130 -1603.055966 -3064.233284 -5793.332710 -4351.135900 -4710.761338 -4450.300063 -1578.513582 -8625.637349 1948.721310 -4740.683909 -4516.482715 -3648.893797 2635.065226 -5766.607376 -1154.451163 -6930.449404 -4465.926120 -1791.205990 -5054.059984 -1321.703411 -5271.752683 -4288.736093 -5487.006465 -1146.146915 -4584.305980 528.526982 5523.804152 -3552.417044 -7731.908042 -6259.911256 -4593.137136 -5972.595741 3770.460278 -9259.910512 -1361.303322 -3813.091301 -1166.066534 5967.209340 3880.196049 -7280.280752 209.475777 6177.305694 -577.150347 -6703.715994
-5034.489714 -6166.603560 -4943.626678 199.467736 173836.032605 2769.196723 -1352.776023 4399.325566 -1072.906514 -6685.647623 5158.619744 1468.946779 -1994.113409 -4718.170888 7428.160764 -9497.041601 -6643.992673 10937.883009 -5744.521234 -724.294212 883.366530 12435.243822 -7320.463426 2644.366337 5903.655345 4435.849486 5850.976705 6011.400118 -4839.596006 4229.097581 -3354.514487 -3444.062806 -5386.542949 1020.371586 -1392.275692 -1135.285249 -12762.890530 -1923.307173 10176.193745 -2025.948116 -11134.436219 -9625.630940 -2775.398808 757.396561 -4393.678589 -10326.549134 -6203.730844 -2581.552772 -3389.499953 2906.474319 -265.380553 931.297560 -3539.133233 2866.550854 -2388.921144 -931.768373 -1726.982502 -8197.779393 -12047.770268 759.420053 -10439.343493 -8611.465008 -8473.988054 4868.121018 4915.433259 -8035.801647 -3189.280318 -2100.681726 -3620.963740 -3549.911595 -7277.923031 -571.110783 -3512.841752 -1013.056124 -1994.247794 -13546.314791 -9489.270207 -2911.955369 -563.429699 -3203.492304 -3005.851671 -9038.888583 9169.530908 8617.584163 -5485.851359 -8253.010541
-7691.039882 -8929.049809 -2793.603216 -3970.501921 2769.196723 167637.639198 7480.250293 13895.332403 -5076.286727 -11509.971544 19626.001115 -107.920113 -11984.177315 -5609.919949 1898.677558 -15722.656601 -8003.712710 10272.643090 -8461.524293 -871.557673 -2030.950164 -535.913881 -3236.876505 42139.107331 -3538.345437 8446.130230 288.613133 19186.202084 5349.431330 19272.698119 3010.530852 -10184.603390 3913.388625 -6819.371202 -2151.195025 -392.418373 -11117.344174 -14223.530095 4359.646363 -12004.528512 -12207.563990 -15791.928404 -1771.654303 -1021.366157 1719.291634 -2908.745046 -8108.125411 -3082.700346 -4043.360975 20809.000279 -10134.439595 2830.168365 17501.178571 -10367.745403 -9968.747749 -8161.463332 8471.864616 -10110.462017 -10677.449578 -2672.974290 -9561.396890 -7523.698625 -2082.588474 11883.650002 12338.832462 -5121.094021 -4900.403359 5023.826151 -2.553107 -8100.105889 -8530.308578 -11439.283809 -5164.215628 -9192.318012 -14391.560612 -10736.122704 -15745.820425 -1100.179173 489.140550 -502.014956 -3688.297070 -10259.454866 2114.205962 759.737781 -9691.576275 -7757.667246
-418.191763 -3600.090239 4177.905382 184.424361 -1352.776023 7480.250293 173154.898935 4822.048786 -2276.065765 -4176.877461 1893.332115 -7354.426892 -15563.460183 -2224.166969 -880.431496 -7565.693781 -4193.989349 -636.525958 -568.898851 -10870.672088 -1277.751341 -4665.355619 -826.053927 6400.296783 -3758.624879 -2012.260393 -3105.894645 1897.743858 3226.883859 4663.524007 7598.371056 -8302.148216 4905.534078 -130.893042 -6998.890029 -2484.491734 -7.214679 -10508.941730 -1354.026583 -15591.307403 -3374.092482 -7570.412711 4615.742938 -11259.919525 1542.126594 1441.250481 2456.284256 2813.465732 -2337.235384 4189.386004 -1457.281894 -7268.802417 11483.463644 -14779.823159 -5026.874471 -13687.819961 10066.575587 -2619.512074 -4279.891475 -9429.849342 2241.582976 5156.728852 1176.301213 -836.671143 1111.690613 1983.131178 -4568.189288 21489.469837 867.818580 -12365.614917 224.620880 -14911.710024 299.217253 -12852.007806 -10374.397100 -2572.144040 -7336.306132 -12025.537966 -8634.045252 -174.099255 253.087688 -2745.996001 -2851.872892 2636.981552 -1323.739880 2915.828257
-7214.803842 -14369.653372 -6084.199465 -6174.019657 4399.325566 13895.332403 4822.048786 171744.701580 -4455.315393 -13440.255944 14456.552092 13548.745916 -7330.973116 -5791.404180 -522.283758 -19969.344377 -11368.058343 13965.197804 -9165.490182 10104.456721 545.792162 1434.250465 -6685.273075 16868.646153 -4802.222107 15684.455737 9436.667569 9715.691436 8793.121919 9359.214252 -1875.448620 -10648.111037 -5237.089824 -6482.727759 -642.327157 623.822830 -13461.093358 -10911.784666 8723.859460 -7205.699915 -13555.807443 -20102.890028 -1902.442367 10186.133023 1704.274727 -5592.659247 -9558.398872 -8943.491692 -5999.552587 10598.031509 -8316.275324 12961.386958 17963.494228 -5807.781770 -7181.302003 -4992.673527 12627.169148 -13487.626778 -14386.009080 7424.965059 -9586.035992 -7919.595810 -6280.876293 10964.234559 8192.224587 -9318.892373 -2595.784173 1548.350112 -240.887609 -7085.004778 -7904.662265 -7801.712008 -5833.114340 -6749.849782 -10929.864681 -13147.666901 -19885.097052 7867.979736 8625.641247 -1327.821749 -1445.865223 -10573.704490 1477.100747 1364.627695 -8987.379435 -10349.191366
-4089.513021 -2886.814675 -3569.673208 5987.309024 -1072.906514 -5076.286727 -2276.065765 -4455.315393 180551.382153 -4882.805016 -3073.980967 -7190.342673 -11567.363445 7907.357538 -1006.318804 -8921.251595 174.026862 -5076.590456 -936.599689 -9382.652739 2316.854049 -3729.283053 -992.684148 -3951.884962 -1890.728560 -4581.448286 837.202162 -4629.793513 -2551.481697 -5287.428854 102.794886 -4958.431282 -865.070533 13700.075475 -4211.571360 8425.853305 332.181380 -807.502177 -3191.090567 -11438.183813 -6345.653475 -8868.401829 4525.614029 -11510.950055 3455.738303 -2318.217392 6042.368282 610.487018 1118.833124 -6661.041772 5161.230575 -6311.042587 -5226.405442 -11096.723516 -484.455343 -10953.028777 -4631.397340 3288.342726 -3891.492766 -10540.336174 -3060.111438 -2732.005694 -616.707893 -5955.273485 -2214.272434 4569.985235 -4602.159355 54.044325 8876.975571 -8943.068631 -191.106080 -12645.079287 15701.636028 -10426.637008 -698.032638 -11.973025 -8802.920586 -10254.422445 -7544.116220 12589.109270 12177.586775 -593.709676 -4097.980377 -1066.986524 1352.922581 1986.862076
3584.167617 36878.697627 -9094.855200 4036.112746 -6685.647623 -11509.971544 -4176.877461 -13440.255944 -4882.805016 184335.921101 -15926.710736 -16127.644503 -13184.113359 3254.899731 -3629.302440 90005.687047 40661.031286 -16534.286161 412.149077 -16926.467142 -6342.594080 -8804.732230 -10624.503854 -14299.583239 763.901022 -12988.787636 -3581.884489 -16809.724044 -12572.068800 -18039.469815 -6541.283930 -2917.753656 -7936.723435 4048.138365 -11537.867152 -8114.715008 -4938.684426 1473.068911 -9972.092736 -12968.639947 3374.538255 89993.375714 -5037.710259 -17350.190497 -10218.307543 -8163.438353 -1716.286996 -4766.464896 4481.102016 -15333.485382 11606.372417 -15310.309496 -14310.370530 -12876.884870 8487.144792 -13712.384065 -13444.854726 -142.525940 -972.878540 -16296.514719 4792.539476 21461.593340 -11031.470290 -16520.569906 -15424.467422 -3078.028649 -8408.511656 -3804.673339 8559.918681 -11953.894890 -1016.727601 -13333.351069 -7693.979506 -12553.943880 1507.969426 326.429737 89522.717959 -16904.820809 -17769.715976 -6208.551880 -5907.416543 753.336214 -6291.329317 584.671006 -1768.894059 -4472.484350
-9560.897752 -14054.880747 -7438.311798 -5215.393206 5158.619744 19626.001115 1893.332115 14456.552092 -3073.980967 -15926.710736 171085.554262 -615.291311 -6959.045603 -6074.645196 4984.907488 -19159.603237 -11868.316416 22346.759885 -10032.795252 -969.259779 782.557769 2501.006392 -7464.209049 22583.703262 -6131.473950 14289.584969 9962.102905 33960.855253 7503.566898 37364.468154 -2477.158861 -13986.119397 -1682.242314 -3022.689147 -5772.549694 2302.948997 -12150.652284 -15634.976653 6991.199009 -6980.477768 -13959.868442 -19071.491059 -4098.729026 -1144.009852 6236.206909 -8426.052840 -13606.361023 -8164.387099 -11080.500451 38132.297030 -8916.651870 4708.669362 12905.237323 -7593.894785 -13247.287662 -8516.984644 12136.395327 -14552.639898 -10183.864101 -2609.939426 -12814.596465 -10116.152500 -8928.437904 25307.224886 23254.065111 -6888.635085 -5628.949169 -478.477261 750.680895 -8588.870277 -13659.731640 -9496.519862 -3224.740307 -8601.837212 -15563.080454 -13938.921174 -18946.243162 -2040.860942 -825.930620 2710.302407 -3067.340125 -12957.400754 2794.103747 -372.131851 -10093.178311 -9072.524935
-13273.649190 -21669.178720 -9808.165758 -1011.859384 1468.946779 -107.920113 -7354.426892 13548.745916 -7190.342673 -16127.644503 -615.291311 172611.403866 -726.697678 -6510.232092 -3188.677663 -19823.043156 -12905.862306 2223.327083 -14307.804210 50717.355948 -399.978926 129.802729 -11107.436073 -2434.918438 -3968.052419 15407.569485 3245.594048 1379.433502 -5474.540832 -828.119807 -10513.773958 -6557.672236 -7378.069724 -14607.434199 7336.523615 -6231.621259 -17757.011678 -6501.785372 7834.386788 -746.402009 -19667.165607 -19840.298629 -11485.611686 62033.117167 -9751.099477 -10090.532033 -14738.510579 -11517.315812 -10222.687290 -1645.449820 -4953.809412 43237.445027 687.407020 6492.434563 -10362.126018 9915.256719 -1510.289640 -15067.268058 -18255.812289 51412.958765 -16201.915962 -13160.185228 -9056.683198 393.701196 -432.287723 -13293.358163 1206.947794 -7243.128757 -9048.584525 3398.259256 -15500.454974 7420.007972 -11105.429282 11174.775443 -6445.809816 -19191.731690 -19734.507078 55641.013938 69021.138965 -6898.937607 -10534.911918 -17702.928831 -2847.071698 -5766.323924 -10441.794951 -15095.919329
-12437.688580 -18343.610253 -9104.575838 -11323.348790 -1994.113409 -11984.177315 -15563.460183 -7330.973116 -11567.363445 -13184.113359 -6959.045603 -726.697678 208808.092619 -8405.804161 -602.142046 -18346.953435 -12541.561907 -1248.730869 -13236.634695 -5871.344220 -3544.029694 -7848.030725 -7484.762478 -11726.398934 11006.217697 -4352.877379 -8644.098284 -9684.432201 -13675.946530 -7919.006621 -15430.940286 16083.313761 -11736.281631 -18606.501296 7577.181366 -7990.915915 -17271.382174 3136.243967 -3035.223789 196176.541513 -14018.697555 -18604.124881 -10195.175299 -4406.345111 -14012.990200 -8990.893909 -17194.195282 -13590.322049 -10807.597479 -10648.582474 -6785.250151 1560.609857 -8885.371202 66396.996282 -6205.127169 45228.346624 -8685.665959 -12610.745077 -15826.805145 -4571.736656 -15150.541230 -17935.266849 -10762.233817 -9454.068036 -7276.259210 -11980.638908 1447.742897 -17092.484069 -14292.495710 85847.740448 -15640.434579 65100.747430 -16472.140835 53646.201028 2953.351569 -15895.928760 -18282.038745 -3738.118839 -42.645283 -13283.174278 -17237.158654 -15543.843372 -5346.793399 -5040.041317 -5880.653070 -12859.575660
2652.682377 5653.419765 -91.985421 7639.162049 -4718.170888 -5609.919949 -2224.166969 -5791.404180 7907.357538 3254.899731 -6074.645196 -6510.232092 -8405.804161 178535.593614 -2154.320358 3569.067082 -5614.047985 -8005.648745 443.949198 -7554.818325 -2684.186251 -2337.237455 -5190.364660 -7266.023048 1622.135265 -6795.097662 -3842.622014 -6619.423008 -7835.824230 -9470.203445 -3000.137422 4972.614599 -1220.164560 -4484.472515 -4033.087823 533.006896 229.498538 7297.382152 -2887.893996 -8048.879299 -3163.455145 3677.247965 1052.360493 -9294.958801 -4478.865329 -6395.764396 321.410372 -292.494225 1181.565582 -6945.064670 6634.268612 -10051.662396 -7662.880973 -4385.496991 6460.251290 -4071.369004 -4436.302322 -1216.628443 5242.924107 -6817.359700 -2171.244919 -2299.484263 -6683.376388 -8031.519765 -10705.096126 -3804.922506 -4576.342975 320.023658 4153.770494 -4026.769972 -943.037578 -5631.319303 7281.765532 -4405.289531 7197.700013 902.739320 3577.764776 -9632.661967 -6467.988016 -242.809619 5055.337137 -2374.751737 4741.128559 536.258358 -1009.310166 -1958.276188
-2641.677992 -6026.840651 -2989.324658 3813.102296 7428.160764 1898.677558 -880.431496 -522.283758 -1006.318804 -3629.302440 4984.907488 -3188.677663 -602.142046 -2154.320358 173605.454440 -8713.506565 -6581.743516 4028.488874 -6793.844640 -3320.504633 11661.246814 12065.824108 -7944.544953 -1763.758355 5935.420382 3303.999018 379.143353 782.587206 -6247.310481 1949.184615 -2235.690861 -1464.211212 -3105.187541 -4742.801857 -4548.301410 -1873.834467 -1222.602524 -4005.008473 -159.076210 -891.931511 -9196.301115 -8805.933904 -4354.465287 -3877.683461 -2136.132160 -8393.725673 -8365.987166 -1663.348232 -2325.543449 4446.243544 -4080.630779 -1214.802877 -732.759963 -5712.485908 -2616.720010 -6086.141829 -858.766061 -6705.902134 -8359.053475 -7357.672812 -173.525297 -8321.462100 -5441.847529 -1075.350619 1130.925120 -7449.362901 -4969.693087 -202.297085 -1532.743777 -3419.536821 -7606.424507 -5653.596729 -2350.880192 -3678.076336 -3989.724372 -8734.080206 -8766.408067 -3540.718936 -3777.465171 -1167.010038 -1212.818234 -10151.949270 44773.093984 6900.444980 -8304.561020 -5468.136886
4701.323867 57065.010242 -9890.570040 -1363.024999 -9497.041601 -15722.656601 -7565.693781 -19969.344377 -8921.251595 90005.687047 -19159.603237 -19823.043156 -18346.953435 3569.067082 -8713.506565 192266.583230 73472.767263 -19353.275295 808.160915 -22018.285137 -7488.146652 -10308.552071 -16029.315053 -16844.508083 -6927.674599 -16938.021697 -6184.000461 -19373.673219 -14207.233780 -23157.438923 -12513.670234 -3099.536427 -11125.629199 321.615908 -15626.842417 -14413.568183 -6037.606589 -3079.777144 -15832.294554 -18334.903344 783.399239 183309.715534 -11142.154558 -21295.195928 -15148.370421 -12964.075979 -2040.858662 -7750.051875 4359.113795 -15932.096538 6435.754399 -19660.986508 -17482.145918 -19421.119115 3981.353904 -16297.173273 -14001.656536 960.948772 481.866590 -18824.838150 1899.483453 42348.914762 -15264.509106 -22916.972999 -17879.549496 -5569.839788 -12533.063491 -10130.630591 4750.399158 -15419.508898 -941.475743 -16541.619948 -8611.294657 -16869.566988 -3160.697986 -1579.238078 182604.889349 -20230.675857 -20861.136145 -15218.218889 -7410.516176 -1351.351325 -10275.649195 -7491.485407 -5981.692521 -8059.995318
-1477.802641 13455.280305 -6684.787362 -942.351691 -6643.992673 -8003.712710 -4193.989349 -11368.058343 174.026862 40661.031286 -11868.316416 -12905.862306 -12541.561907 -5614.047985 -6581.743516 73472.767263 201441.014477 -5389.443685 -3183.220179 -16871.408369 -4303.486756 -6518.139230 -7088.497226 -8407.478424 -3048.365835 -12838.014599 -3843.301931 -11171.370967 -10647.849889 -10708.467929 -7825.496294 -8123.286957 -4813.652483 17528.876310 -7779.043010 -1572.773804 -4567.433498 2115.294949 -11467.165058 -12102.527358 -3517.402983 73465.640208 21891.440796 -15768.583788 -3975.175788 -7942.006296 158.710071 -4694.236579 -3049.238368 -11539.572613 6512.032729 -15155.962927 -9592.264445 -12993.764824 7755.388295 -12343.842338 -6776.449155 -1859.367836 -4725.352584 -13746.440823 -3730.940115 2489.106539 -11348.084494 -12290.979190 -6489.658070 -1784.310317 -9992.892205 -7157.235538 4933.418154 -13436.055740 -3372.943637 -10452.711170 -4412.413028 -13041.404691 2448.991980 -6053.609317 73349.118778 -16841.282748 -14975.256901 -5754.471743 -804.796991 -4637.594272 -6896.021607 -3554.464658 -929.472453 -5119.228390
-10650.623304 -15487.006347 -8169.769418 -4066.895729 10937.883009 10272.643090 -636.525958 13965.197804 -5076.590456 -16534.286161 22346.759885 2223.327083 -1248.730869 -8005.648745 4028.488874 -19353.275295 -5389.443685 176033.372065 -11190.087738 -608.823356 618.969458 4641.877310 -7518.558499 11972.138758 -3734.602417 19289.368899 11192.326825 19988.853580 3599.652521 26728.708900 -3770.733298 -12084.290939 -2951.990902 -4393.838044 -2247.130844 8394.044516 -11193.242136 -12242.643442 12108.384818 -1125.833531 -15193.231410 -19497.877389 -956.617405 -1692.059917 3296.697429 -6361.443200 -10952.054979 -8306.199952 -10867.462833 21320.030264 -6501.972435 4429.392630 9281.351838 -5168.112888 -10789.336192 -4869.989998 9256.961518 -12533.872148 -13480.179003 -1897.393882 -13503.323653 -11418.132363 -10067.792416 23581.875346 19362.705456 -8850.388077 -3799.152322 549.655691 -3121.925336 -5111.074791 -11260.410054 -8293.782117 -1096.315932 -5378.266815 -12127.632832 -14953.197245 -19135.521355 -2239.538129 2139.585946 166.489857 -2972.583473 -12493.453603 5611.202659 2995.712954 -7119.700286 -10643.093438
56802.280622 13119.188247 1535.254201 1062.241018 -5744.521234 -8461.524293 -568.898851 -9165.490182 -936.599689 412.149077 -10032.795252 -14307.804210 -13236.634695 443.949198 -6793.844640 808.160915 -3183.220179 -11190.087738 176699.962358 -14669.362342 -4509.143508 -5233.985443 440.048213 -7697.059077 -3282.448601 -12180.722529 -4706.136374 -16058.199272 -8075.237365 -15613.558154 5195.786489 5664.965143 1761.601265 -10014.939912 -9191.303276 -7358.045261 13012.213350 -196.763109 -12933.669840 -13129.883092 17704.710234 610.427177 4550.536498 -17109.940495 -3964.334332 -1027.543460 6454.575636 7993.611476 7304.864353 -10802.909946 -258.484925 -14364.121334 -10162.958972 -13672.471008 1974.787999 -12540.831504 -9179.963447 14039.558818 18508.009847 -14526.854179 18408.550097 -468.281223 -1701.810011 -11786.708557 -14173.548755 3480.453989 -2912.251172 2227.512641 1444.589570 -8943.864479 16336.740826 -11739.064493 520.086196 -15481.920217 81.297249 17339.674252 778.559074 -16094.026777 -12863.325540 -3860.899148 -2436.254401 11362.751728 -7131.686154 2220.770392 14585.976805 790.087691
-16315.877402 -19319.982744 -10507.444394 -3302.487408 -724.294212 -871.557673 -10870.672088 10104.456721 -9382.652739 -16926.467142 -969.259779 50717.355948 -5871.344220 -7554.818325 -3320.504633 -22018.285137 -16871.408369 -608.823356 -14669.362342 174489.035333 -2637.290150 -2315.668837 -11669.401069 -1912.706818 -4073.366065 14029.455726 4529.717593 -2395.208779 -6113.579435 -2978.112575 -12766.832724 -11257.510328 -8469.148574 -15339.474291 2647.153004 -7887.187948 -18562.930269 -10851.479376 5869.768578 -6011.139788 -19411.605929 -22183.167632 -11987.257730 107822.314013 -11470.038069 -10941.502052 -14269.117769 -12419.547585 -10001.923905 -34.507010 -6881.855934 41806.817194 -247.835687 3178.992156 -11815.079516 8483.790626 -1680.548676 -18113.503287 -20305.883239 80945.510826 -16968.441534 -13534.138464 -10845.978152 -1420.439217 -3760.729621 -13300.726122 -1246.263420 -10928.996481 -12275.722794 -505.485478 -15306.270631 6005.585206 -12183.999450 8283.971598 -10743.899573 -18397.406384 -21931.880122 115469.976128 57626.841139 -8932.017595 -7725.481787 -16478.366106 -328.304216 -9018.125456 -12717.107095 -16351.309079
-5558.343578 -10304.724166 -5695.712367 3537.250512 883.366530 -2030.950164 -1277.751341 545.792162 2316.854049 -6342.594080 782.557769 -399.978926 -3544.029694 -2684.186251 11661.246814 -7488.146652 -4303.486756 618.969458 -4509.143508 -2637.290150 175660.372649 19683.643003 -7538.083593 -882.956571 509.897368 4043.728871 3351.427714 -1459.404635 -2384.941545 2055.710380 -4353.538706 2080.616259 -1734.513467 -3359.395128 -2362.147621 461.138335 -5731.102077 -2654.394532 4968.095597 -3756.318522 -10422.045111 -7508.858053 -4779.165044 -2674.614790 -3713.582376 -5456.922481 -7022.541705 -4378.880199 -6873.279856 2012.215446 -3707.862020 -2163.581861 310.970381 -1041.677647 5621.923995 -803.704983 333.201622 -5702.352124 -8819.914436 -3728.968718 -8253.044670 -4774.522420 -5778.881042 -1953.094490 -456.456296 -4978.999760 -2305.728636 3133.920297 -3898.966098 -3674.654241 -4669.091422 -2505.368034 -3453.925132 -794.551193 -2643.327093 -9119.490099 -7680.957095 -2486.765639 -3543.127642 -2735.764545 253.602465 -8104.426908 11761.280585 6577.569060 -372.813845 -7190.309588
-5799.821684 -9696.613108 -2423.713799 -1263.340246 12435.243822 -535.913881 -4665.355619 1434.250465 -3729.283053 -8804.732230 2501.006392 129.802729 -7848.030725 -2337.237455 12065.824108 -10308.552071 -6518.139230 4641.877310 -5233.985443 -2315.668837 19683.643003 170922.151967 -4510.257586 -873.134371 -2162.383109 2340.639635 3605.668833 3036.493871 -540.747626 3343.582403 -3266.273344 1581.013982 716.621947 -11061.606059 -4749.974584 -3673.572250 -4993.312614 227.969211 6245.025115 -8132.877734 -7819.034424 -10520.293541 -4790.346627 -3191.560233 -649.624929 -6924.293097 -3421.966085 -1017.215385 -2082.189632 1923.202028 -3896.683549 -2738.680264 -1858.784991 -3267.873793 239.016551 -5713.155364 540.347079 -5474.028899 -6122.692019 -5968.563064 -5889.847237 -5854.929163 -6124.809163 744.730450 1220.509635 -2933.046024 -2737.768193 -2969.484255 -1000.322321 -2900.995541 -5531.523387 -2448.692135 3814.707342 -5057.125598 386.504742 -9640.732558 -10415.253224 -1324.231075 -2272.769847 -1059.591784 1237.738295 -7481.412807 13459.188174 7288.284476 -4880.296465 -4340.700230
-1237.923331 -3621.021372 44183.806920 -3386.988071 -7320.463426 -3236.876505 -826.053927 -6685.273075 -992.684148 -10624.503854 -7464.209049 -11107.436073 -7484.762478 -5190.364660 -7944.544953 -16029.315053 -7088.497226 -7518.558499 440.048213 -11669.401069 -7538.083593 -4510.257586 183129.981931 -4752.823092 -5133.646188 -11992.855567 -8758.911869 -3695.346277 -1158.794517 -6940.478914 9351.678919 -2425.067992 7895.625017 -7275.863073 8489.980263 -6098.011620 -1222.500464 -6427.446097 -9007.946212 -7432.153862 -802.859008 -16174.689973 403.457438 -13273.909890 -1163.067612 58094.717335 7856.864060 3452.262692 -2428.578307 -9593.646518 -3060.522970 -9253.478359 -3528.347908 -9093.440439 -2141.785293 -7680.374628 -5901.726512 1393.940950 376.539674 -11140.623740 -506.379313 1858.997551 56359.114524 -4200.356695 -757.936289 7399.760569 8104.318690 4149.987185 -8599.293039 -6685.141578 429.883560 -8371.451452 1146.983615 -9074.553109 -6488.201234 -1435.579610 -15911.265819 -12206.026596 -11838.594304 -3376.614759 -161.447261 1253.399358 -8995.840619 -6527.907707 1261.214867 7140.140908
-9408.782491 -12588.427421 -4990.321642 -4987.154805 2644.366337 42139.107331 6400.296783 16868.646153 -3951.884962 -14299.583239 22583.703262 -2434.918438 -11726.398934 -7266.023048 -1763.758355 -16844.508083 -8407.478424 11972.138758 -7697.059077 -1912.706818 -882.956571 -873.134371 -4752.823092 170822.244101 -6633.166954 8093.007243 5691.495544 16864.746798 11900.178889 22415.573157 5036.049064 -9894.477342 -1035.976227 -2646.384601 -2899.352604 2752.049611 -9569.465280 -15911.747986 4132.969254 -11547.015332 -11454.525897 -17065.362902 -811.686959 -4189.811065 6802.325897 -5085.693546 -7973.303674 -4758.138401 -5465.532212 18238.041878 -6980.202178 84.998590 21669.514289 -10974.793372 -6436.521458 -11321.444408 11799.206236 -8615.108993 -9849.566655 -4687.106100 -9630.916466 -6200.329083 -5773.088928 17691.513355 17598.242395 -5464.446665 -3680.950871 3518.593350 -348.550754 -8845.806053 -8972.308726 -11571.262383 -4670.231451 -12808.771891 -15988.158571 -9676.310185 -16846.339917 -4339.256905 -2476.036844 -728.133028 -2167.385991 -10329.222800 -1530.529841 2193.917885 -9593.034429 -7677.550461
-3115.702790 -2394.702248 -4577.561388 171.491814 5903.655345 -3538.345437 -3758.624879 -4802.222107 -1890.728560 763.901022 -6131.473950 -3968.052419 11006.217697 1622.135265 5935.420382 -6927.674599 -3048.365835 -3734.602417 -3282.448601 -4073.366065 509.897368 -2162.383109 -5133.646188 -6633.166954 180398.507790 -3486.468905 -5194.947683 -5846.265548 -11319.999563 -6738.749427 -8389.263732 9981.517047 -5901.808967 -6347.294337 3821.656231 -8677.092336 -6727.877977 5646.988132 -570.270061 11095.843287 -3409.765042 -7090.467977 -6339.512675 -4694.674217 -8238.124755 -7856.505473 -4848.006703 -6359.058143 -66.962469 -4788.511177 -7604.903345 -3832.484434 -5446.509256 10928.738343 -3093.299445 10497.251335 -4207.123668 -6292.116769 -6917.991726 -4050.202074 57.254682 -8170.328544 -7928.224930 -3774.817666 -5913.986669 -4601.496386 -393.105205 -3289.843362 1522.132697 20698.284779 -6569.654300 13388.566482 -3026.641921 12350.646999 5853.518554 -3627.666097 -6949.141381 -4672.414105 -2344.246704 -5972.106810 -5091.038730 -5718.535061 7220.442618 609.738049 -3894.102143 -4537.130473
-13398.472099 -14490.979219 -9780.974871 1117.846172 4435.849486 8446.130230 -2012.260393 15684.455737 -4581.448286 -12988.787636 14289.584969 15407.569485 -4352.877379 -6795.097662 3303.999018 -16938.021697 -12838.014599 19289.368899 -12180.722529 14029.455726 4043.728871 2340.639635 -11992.855567 8093.007243 -3486.468905 175315.117869 16653.255971 10778.243908 5678.144909 14407.948161 -7251.366508 -10171.181666 -7395.654624 -6528.378194 77.468792 3368.302237 -14226.601711 -9359.930666 17115.731264 -4367.058811 -17781.606437 -17103.023340 -7805.026875 15086.623199 -599.675817 -7938.791797 -11627.847488 -8760.728130 -10821.570039 12802.840884 -5409.670006 18260.812987 6724.293367 -6033.581809 -9029.528113 -4500.758073 5971.695257 -12368.666690 -16632.442952 12294.373118 -14538.101702 -8837.658511 -10098.828012 13707.847146 10700.227292 -11623.792459 -342.688431 -1798.762566 -2014.096534 -3692.553649 -12032.125342 -6311.127204 -5146.018389 -5202.050234 -9291.666739 -16814.373096 -16855.606752 13500.491078 13501.059637 -3268.165370 -1343.917979 -11825.568914 4691.177569 2491.296782 -9509.037586 -11512.376839
-10915.784932 -11398.351009 -7844.865216 2721.315624 5850.976705 288.613133 -3105.894645 9436.667569 837.202162 -3581.884489 9962.102905 3245.594048 -8644.098284 -3842.622014 379.143353 -6184.000461 -3843.301931 11192.326825 -4706.136374 4529.717593 3351.427714 3605.668833 -8758.911869 5691.495544 -5194.947683 16653.255971 177612.293772 4814.425512 4251.408632 6166.768558 -4697.922513 -8512.415590 -6103.517426 16943.267780 -6139.671388 5881.923385 -13810.423616 -4703.594278 5040.705261 -8671.125886 -11755.817766 -6306.632998 -5653.336669 2445.138924 -294.319204 -9442.537783 -9379.009159 -7161.661314 -6943.657926 7189.281407 -760.052507 2549.715846 1868.396034 -14513.655526 3702.549255 -11854.622264 -3977.748882 -10016.040695 -11193.162500 3593.554205 -12697.694809 -10106.150464 -9995.670780 12728.377546 7416.241974 -9736.840797 -4015.129508 -1265.036118 11667.529141 -8767.663240 -10305.113111 -11939.674787 -2163.456217 -10055.556703 -4737.925515 -11620.955195 -6168.775437 3127.522773 4420.014535 9208.964098 6919.610606 -12847.587951 3038.186932 4995.105983 -9266.390180 -7725.144526
-15870.819049 -16771.913392 -9966.253951 -7805.260020 6011.400118 19186.202084 1897.743858 9715.691436 -4629.793513 -16809.724044 33960.855253 1379.433502 -9684.432201 -6619.423008 782.587206 -19373.673219 -11171.370967 19988.853580 -16058.199272 -2395.208779 -1459.404635 3036.493871 -3695.346277 16864.746798 -5846.265548 10778.243908 4814.425512 174042.549225 9584.833551 43821.682813 1902.985638 -15434.569479 -4025.528731 2283.319210 -3841.817214 9581.167582 -11149.936816 -15826.271206 11177.824040 -9812.156907 -16627.002680 -19407.955337 -1796.281101 -1375.868202 8905.081349 -10132.133291 -11532.605393 -6316.476840 -10838.094910 29928.105651 -7781.723859 784.932359 13669.435127 -11116.930176 -9074.756796 -7764.662535 11594.441976 -14690.511677 -11614.619494 1247.250652 -15695.299214 -9860.274501 -4814.826015 31500.225215 32045.157135 -9904.973646 -4820.077309 2779.926827 -4497.820137 -8561.495831 -13736.665462 -11898.471647 930.435338 -9158.329718 -16040.516886 -16713.152329 -19307.514836 -2104.967452 -544.570717 6415.540622 1409.150653 -11628.649738 114.305327 1774.414665 -13076.945050 -3227.901072
-7241.769975 -7265.809482 -5633.627649 -4463.853881 -4839.596006 5349.431330 3226.883859 8793.121919 -2551.481697 -12572.068800 7503.566898 -5474.540832 -13675.946530 -7835.824230 -6247.310481 -14207.233780 -10647.849889 3599.652521 -8075.237365 -6113.579435 -2384.941545 -540.747626 -1158.794517 11900.178889 -11319.999563 5678.144909 4251.408632 9584.833551 210902.039827 13688.572809 2963.109592 -10281.507053 -6417.155767 7216.005743 -7126.174037 9106.905938 -2603.118487 -12695.390559 4040.172180 -13691.056685 -11143.314305 -14013.098393 2872.341010 -7387.527804 18633.101691 -4186.419743 -3375.605026 -273.810450 -4780.090402 9959.224789 -5363.906849 -6085.163047 11974.136199 -10734.945112 -7965.781948 -9882.900006 6324.541524 -7139.318757 -9556.475789 -7782.551351 -8198.037436 -1190.457616 2018.399423 15190.226626 15296.183295 -106.833768 -5058.826171 2649.797560 2567.191017 -8596.105145 -6763.382854 -12212.160772 8918.188247 -9492.818543 -12731.442117 -9761.337298 -14086.784852 -5573.583065 -6641.439504 4348.338284 2107.560595 -5041.015362 -4211.792175 -3441.206215 -6484.869891 3664.358780
-17206.012863 -17719.242774 -12865.193450 -9660.332743 4229.097581 19272.698119 4663.524007 9359.214252 -5287.428854 -18039.469815 37364.468154 -828.119807 -7919.006621 -9470.203445 1949.184615 -23157.438923 -10708.467929 26728.708900 -15613.558154 -2978.112575 2055.710380 3343.582403 -6940.478914 22415.573157 -6738.749427 14407.948161 6166.768558 43821.682813 13688.572809 197601.533955 -2909.319983 -14004.216237 -4404.021355 3213.967755 -3961.321293 7213.085145 -12457.729905 -16554.019996 13372.857689 -7821.845105 -18629.335016 -23118.985112 -4604.603866 -3690.725853 10497.835739 -11812.773154 -11759.485395 -8639.589893 -9871.896809 34474.868456 -11705.442280 4018.622683 16613.122067 -7442.702709 -15444.809951 -7864.068963 10521.667258 -16003.659449 -13723.245899 -3571.296428 -17171.035694 -11451.836552 -5497.616271 38785.069562 32074.986541 -8976.723289 -5519.674227 -1937.862528 1853.648868 -8196.830922 -13643.399216 -13622.363039 687.693093 -7509.180033 -16453.359687 -17940.725446 -23313.795409 -4954.850533 22.935592 5973.602793 -2265.632191 -12198.643627 533.271898 -1725.267446 -13750.475003 -5669.320941
5070.237946 1768.796378 9003.498931 -3102.501706 -3354.514487 3010.530852 7598.371056 -1875.448620 102.794886 -6541.283930 -2477.158861 -10513.773958 -15430.940286 -3000.137422 -2235.690861 -12513.670234 -7825.496294 -3770.733298 5195.786489 -12766.832724 -4353.538706 -3266.273344 9351.678919 5036.049064 -8389.263732 -7251.366508 -4697.922513 1902.985638 2963.109592 -2909.319983 190124.083233 -10638.321596 10956.333203 -7300.257251 -6606.453858 -4128.753778 5715.106345 -13142.703929 -6924.830048 -15590.218921 5202.173136 -12420.012309 2650.388013 -16093.603755 854.901206 9486.193092 7981.347736 7484.074289 1821.618513 -2219.374702 -3070.925274 -10340.026927 3614.212181 -17694.889934 3947.024118 -15305.162096 2033.417238 3472.763957 6503.566563 -11755.657479 5973.699319 5203.633151 12398.148103 -3061.439557 -1620.249860 9193.213944 -3528.925949 7082.874013 -2673.165811 -12664.271745 5729.161477 -17330.222790 3270.384508 -17158.378782 -13090.192369 5739.277815 -12519.353150 -14053.281555 -11415.807153 1558.285331 1434.749241 3823.695734 -4819.701860 -3581.178935 2647.662565 10117.401066
4278.152907 -7361.123284 895.605577 4526.480778 -3444.062806 -10184.603390 -8302.148216 -10648.111037 -4958.431282 -2917.753656 -13986.119397 -6557.672236 16083.313761 4972.614599 -1464.211212 -3099.536427 -8123.286957 -12084.290939 5664.965143 -11257.510328 2080.616259 1581.013982 -2425.067992 -9894.477342 9981.517047 -10171.181666 -8512.415590 -15434.569479 -10281.507053 -14004.216237 -10638.321596 225954.609439 -7198.429604 -10046.416386 11784.260196 -11596.503393 -317.381173 21951.972653 -10944.137798 15945.787619 1627.788399 -3072.100174 -10688.697669 -12338.486912 -12723.049870 -5315.758053 -11374.408700 -2730.030639 -793.344666 -14139.892760 -4155.082400 -7083.324558 -8644.568320 20557.499901 1767.621627 10891.866862 -10190.025794 1508.255025 203.968048 -6305.936914 -2226.415692 -7977.623355 -4494.165117 -13459.212100 -12188.905818 -6093.679690 10782.877338 -6086.671499 -7191.635805 19362.819749 -1508.516514 20326.405817 -6787.061317 14578.280287 21977.470935 -271.763569 -3227.935577 -10723.709603 -6428.427242 -11524.832883 -10642.114096 -1116.464839 653.685817 -357.084674 5831.589476 -8056.625947
84.874044 -701.326014 9641.521724 -2627.058809 -5386.542949 3913.388625 4905.534078 -5237.089824 -865.070533 -7936.723435 -1682.242314 -7378.069724 -11736.281631 -1220.164560 -3105.187541 -11125.629199 -4813.652483 -2951.990902 1761.601265 -8469.148574 -1734.513467 716.621947 7895.625017 -1035.976227 -5901.808967 -7395.654624 -6103.517426 -4025.528731 -6417.155767 -4404.021355 10956.333203 -7198.429604 199385.434229 -9001.713289 7215.663551 -5882.822595 1887.913681 -8968.653596 -6661.325103 -12002.426671 -2342.052156 -11037.554013 -1141.434276 -10523.489052 264.883655 8711.857472 7517.039284 8931.906911 -516.951357 -668.724186 -856.152969 -5904.473698 -2514.447153 -14436.289422 -790.160554 -10407.702728 2245.439164 -3459.888212 1414.772851 -8155.180148 -1493.829191 4053.978052 12352.002664 -5010.051246 -4002.167008 7901.651139 17741.407842 3760.392421 -2848.398513 -11472.613282 2651.014276 -13245.478808 714.815633 -11541.186570 -8973.055132 -1858.173468 -11033.688940 -9944.995818 -7549.219277 -862.109759 82.699536 934.021067 -4826.796875 -4302.710737 1105.577113 4940.730022
-8125.728392 -11162.442387 -13201.208394 852.477975 1020.371586 -6819.371202 -130.893042 -6482.727759 13700.075475 4048.138365 -3022.689147 -14607.434199 -18606.501296 -4484.472515 -4742.801857 321.615908 17528.876310 -4393.838044 -10014.939912 -15339.474291 -3359.395128 -11061.606059 -7275.863073 -2646.384601 -6347.294337 -6528.378194 16943.267780 2283.319210 7216.005743 3213.967755 -7300.257251 -10046.416386 -9001.713289 276965.507644 -13270.691424 29014.473855 -8379.275525 2128.858454 -10124.313048 -17811.585856 -12914.837830 1028.955545 2380.477151 -17790.049791 9325.878168 -11027.969232 -5276.878219 -5833.832497 6348.663732 -1577.677812 -5750.611697 -10748.579318 -4967.194993 -16783.197028 5281.654095 -17782.807818 -5794.717168 -7305.585078 -8993.584214 -14095.965373 -4527.223131 -6168.938916 -3686.149584 3753.383589 1492.792461 -1037.870788 -12069.578229 -3358.465772 33631.678139 -18722.801862 -8247.701955 -13794.775855 17528.788159 -12899.542576 1177.377348 -11746.800738 212.083589 -16151.149839 -16199.447852 36843.347424 28345.535869 -7280.010312 -5168.371149 2971.093763 -5352.668370 1784.016515
-8326.704712 -13364.243590 3249.011393 -768.570934 -1392.275692 -2151.195025 -6998.890029 -642.327157 -4211.571360 -11537.867152 -5772.549694 7336.523615 7577.181366 -4033.087823 -4548.301410 -15626.842417 -7779.043010 -2247.130844 -9191.303276 2647.153004 -2362.147621 -4749.974584 8489.980263 -2899.352604 3821.656231 77.468792 -6139.671388 -3841.817214 -7126.174037 -3961.321293 -6606.453858 11784.260196 7215.663551 -13270.691424 220243.139344 -11014.312469 -12102.067901 -2249.435151 -1358.623569 7751.351346 -9461.316843 -15634.125708 -6776.280392 5070.703565 -8355.656595 7257.516914 -5388.650377 -7329.214450 -6922.231177 -7081.199988 -4679.013163 8331.704215 -4616.361223 10051.648011 -1794.574985 11929.504042 -5022.743594 -8222.670205 -11015.674447 9604.552565 -8955.892837 -8100.087932 666.774137 -4676.411581 -3944.374864 -5790.903451 43310.262091 -4622.096285 -12462.739818 5311.215850 -7964.619552 11380.280924 -9521.676927 8216.758755 -2140.064146 -11152.213730 -15431.807662 3048.375735 6151.634908 -8944.105604 -10246.670136 -10797.136587 359.855887 -2910.443560 2373.409082 -7022.680722
-8793.433572 -12145.525969 -10064.354090 4673.976348 -1135.285249 -392.418373 -2484.491734 623.822830 8425.853305 -8114.715008 2302.948997 -6231.621259 -7990.915915 533.006896 -1873.834467 -14413.568183 -1572.773804 8394.044516 -7358.045261 -7887.187948 461.138335 -3673.572250 -6098.011620 2752.049611 -8677.092336 3368.302237 5881.923385 9581.167582 9106.905938 7213.085145 -4128.753778 -11596.503393 -5882.822595 29014.473855 -11014.312469 211967.152896 -6637.362842 -8191.483106 -2824.499222 -7986.330690 -7504.834235 -14272.195652 -1955.081474 -7559.914784 13759.714406 -10482.214796 -7458.724491 -5299.396601 -7603.781660 2248.458771 -1596.300268 -2896.983945 -244.444339 -9198.156088 -3052.312166 -10238.886609 -2317.393747 -7288.951830 -5306.157663 -5413.964126 -9198.154949 -7560.070174 -4898.086571 9318.670734 9798.208306 -4924.700380 -7354.947249 -281.153256 11907.754590 -6828.334454 -9388.041889 -10373.734900 6755.810507 -11320.539735 -8455.427155 -7218.085242 -14251.821211 -8307.801967 -3741.991734 24170.641583 16324.897335 -1156.152156 -3266.878015 7725.653917 -5023.629000 -5901.502381
