187291.629741 2217.841146 3644.802705 -3764.654983 4314.398827 -774.993576 965.942118 -2775.813354 -512.144224 -4697.851149 -2119.388163 -5091.808977 -1112.674495 -4850.881688 -5600.054657 2938.355224 -126.040796 -999.497787 -3978.646885 -3641.923405 -2516.639032 -5088.931298 3036.999524 -5948.357207 -26.860575 -815.314779 -248.794300 1012.621910 560.787281 4398.570059 -3326.593641 -806.454389 -5452.180486 -7608.975330 -4324.844587 -2068.778645 -9811.334863 -1911.379016 6665.148591 6842.795560 -9393.855900 46388.417707 -6923.626854 -1834.752866 1402.260442 -5213.625447 -484.035760 -4494.702988 -3867.861294 683.197819 569.241712 420.862693 -5015.856262 3964.522948 3616.044292 4586.432538 -1668.650602 -1774.938799 -4885.985317 2654.642411 -2658.275294 -1488.421532 -3511.867206 -6722.715876 1391.806887 -6104.703604 -3659.402371 1436.332380 2035.003375 -3972.802938 -451.549179 -4465.315668 1448.791933 195.830322 -467.074714 1689.459290 -5238.730400 12425.110060 -3365.413694 3547.219658 -2059.693884 -32.207612 -2612.274572 -154.076943 -336.826380 -1922.387578 -6755.350755 -7860.182064 -3954.455760 -1406.297269 -1028.113326 -6303.441101 -7232.920191 -2045.497035 -1328.706143 -4671.803980 -2902.831656 646.307710 1796.586714 -2368.499266 -5850.316294 -2214.280437 -3587.392003 -5291.786763 834.675429 -5650.787496 1485.151729 -1733.131057 -1429.139582 -161.503685 5881.311838 -915.992155 -6022.217128 -4727.451654 -1211.671306 -710.089704 -5828.012129 -4339.667216 -3033.558248 -6007.608939 -3933.781913 -5553.202207 -6616.337378 -3825.739484 -548.032298 4688.153197 -3389.024299 -4658.241234 16136.276642 73.200106 -2240.923293 -3601.762417 -3075.968875 -4420.284312 1087.149745 777.274347 -5659.326140 2174.482620 1898.617805 -5060.089321 1668.912027 707.690439 1763.664275 -1954.117729 1737.020615 686.707188 5411.961167 -2822.540244 1009.530353 3204.986477 -6734.611110 -7659.394616 4087.784921 20635.815492 1279.220151 -5856.962022 -1175.996799 -1200.334119 2014.014992 1548.023987 -3537.386863 910.251696 1515.566779 -6370.472818 -2520.508036 -3371.531766 -630.997390 1223.357412 -6093.529843 -333.424214 -856.110786 -1799.932182 -2041.735620 6870.589620 -4673.288364 -2527.618774
2217.841146 176808.103037 -1954.644046 -8542.755754 -3807.630540 -3913.598534 1039.577139 10947.745808 -2224.854656 -886.112688 -4931.237075 -763.678117 2614.489855 -8737.577298 -1849.932006 4526.173456 4611.285662 2878.944219 3564.979391 -12212.861931 -7382.692227 96.192916 -6144.521083 -10802.935716 -79.085803 4795.579960 9905.624428 -3363.916209 8392.856924 -2249.054166 -2509.075550 1702.616911 3083.169000 -75.875727 -3574.813190 -1162.763387 -3272.402226 -3341.680956 7258.204613 -2550.169318 -8773.964811 3608.460398 -5162.806944 -5157.575145 1497.526324 5905.879572 4634.843945 -7664.078964 -12395.597144 -2828.094000 2801.682976 8666.198608 -7329.738269 -2282.976792 -3352.316998 747.170844 2373.489902 2315.853736 789.731897 4866.859124 -5265.203564 -5169.513949 -12096.500731 -3611.531258 4059.112076 -3128.110177 1709.483694 2762.343026 6999.752212 3659.343648 1394.763190 -231.694454 4795.099316 4178.113105 -2894.913082 -4618.084304 5115.643891 195.745498 -1710.389913 -4729.420587 -2432.009104 6909.392857 -1682.614800 -5703.394197 -3745.482396 3787.285591 -448.412570 -1899.877078 3224.619861 -7030.468288 -5147.669796 -1821.877961 -1854.304962 3730.158440 439.296232 -2825.886917 -3215.945109 2957.249598 -5513.050996 578.705261 -7733.606843 4088.001842 -241.086875 -1232.105837 3815.472462 -908.159399 3407.705895 -4368.700033 9258.700414 7972.619924 -3579.786054 3414.340737 -3565.437363 -2787.566564 -1120.516226 4378.938751 -4316.720645 -2741.564499 -2304.304383 -5870.890409 -5125.713059 -5454.443261 -2629.938763 -2545.464518 -5622.579952 820.120928 2662.732196 -7408.004677 -1922.540732 -3889.004669 -5895.509207 -12089.117472 5972.935805 3162.654235 -2739.515526 -6572.788955 -2524.105044 -1796.587491 2719.641350 699.702238 7560.115112 -1556.412258 1902.312326 1247.552773 -1956.072091 -7020.789241 2749.362975 -6130.158660 -5921.476143 -4855.846903 -103.151451 -2059.851636 -6481.831634 2329.534641 -5956.391763 -4387.494251 6374.818277 6052.231170 -4607.061562 7545.366740 -2229.019158 4992.579861 1686.222829 -4255.580054 -5000.268441 -12152.229249 1934.132549 3757.182846 -7357.704745 -6037.046412 -1511.769891 3314.215363 -1190.878002 -411.850722 1576.135240 -8316.502586
3644.802705 -1954.644046 179756.066708 11584.417110 4401.554334 7330.776128 957.141827 -4739.935902 -6901.135317 1131.661734 1007.740682 -6332.847186 -2116.143914 7099.564629 -9060.341932 -10520.611678 -10211.060425 5121.026784 -1750.270703 8431.520964 1682.478393 -10527.918494 59621.279517 3929.150465 -12635.689653 -4375.297795 -5009.941120 15415.102511 -7992.184648 1435.537569 -8668.515090 -2110.520651 -12808.277380 -9937.395897 -15788.314214 -6118.769705 -17095.479388 6869.332840 6320.653332 2290.074099 -5493.545939 -6074.628599 -7533.347536 20018.482474 3427.369289 -12757.165639 -10027.694768 18618.328735 8452.217215 9881.704219 -15403.033668 -8159.982007 -2671.742229 3994.220438 8386.357879 18270.691686 -2772.309240 -2842.773410 -9966.453508 -11323.402411 15707.302433 2665.151795 8438.543571 -10499.620549 -5587.085268 -7351.677998 -3031.423580 -1556.698079 -8654.655452 -1196.532220 -518.003272 -5250.004060 -3708.816111 -7229.345735 -3758.062969 15447.025152 -9327.901911 4261.825860 1376.271850 3851.233614 364.017144 -4783.288174 -3985.117293 9550.089066 -2020.932743 -1153.120923 -11580.571803 -12378.797067 -5238.736276 -2454.245578 9322.089323 -12904.777528 -9638.202095 -7129.141600 2802.208814 -11477.706147 -1576.179207 -6313.841114 6832.276634 -505.181597 2711.935215 238.968053 -11859.198941 12.075369 -4789.121505 -7171.141081 1102.028902 2808.721422 -1778.403015 -2746.046267 3044.999266 -13582.079577 -8821.447783 -8738.492131 -3381.147277 -5096.554381 -10814.711485 -8378.705860 -1887.366401 -13988.486530 -8869.691451 2318.976047 -7571.056770 -7601.735058 11791.572042 7322.899371 -11729.388114 -2470.339316 6553.128686 10600.379987 21734.865503 8548.347160 -11862.872316 -5014.385670 8791.424874 7713.708914 -10613.267369 3696.882083 -10317.399859 -9699.055845 -9243.020803 6560.961301 -10295.733063 -5595.054315 17122.375094 17638.717028 -11712.273187 21693.361882 7882.765446 2502.931649 -11980.651806 -13585.893504 6041.478859 569.279344 2070.020815 -1131.153265 -7915.392040 -7609.673443 16123.104214 -7407.962888 999.541821 -10157.144227 3707.490121 -6259.212563 17185.472041 8558.023640 -13241.372179 -10379.956116 -2170.002004 -2062.573868 9582.323269 -4146.166512 -822.048073 16722.099544 -11810.330352 5150.600168
-3764.654983 -8542.755754 11584.417110 182668.997438 2485.285378 9204.446085 3042.978558 -5358.080013 -7694.567523 2266.430975 -1629.715712 -12969.262264 -320.352380 41055.629656 -13092.256311 -18441.026174 -15594.707149 8582.667333 -4664.931576 61393.133256 17100.832352 -14852.890813 16546.018934 91918.556193 -15221.712464 -8625.857688 -8496.093921 10183.879907 -18491.182573 -438.436538 -11341.792272 -860.835762 -13368.189174 -9890.898079 -16185.443238 -5587.837980 -17113.225849 4099.534203 -4957.978374 2010.668794 -7995.079304 -10643.136841 -10353.832167 19539.325698 -2608.886146 -7355.243592 -15357.467061 26070.917552 61501.321160 864.106269 -17779.505580 -19190.595659 -7546.767048 -625.494578 13054.695981 11844.180256 -5317.371716 -5332.051976 -11774.161434 -18209.666034 22418.922739 -31.658253 61075.792679 -14978.548302 -15348.009687 -10158.061292 -3842.520927 -5183.259686 -15101.024566 -6915.504944 -40.861675 -8686.386193 -6012.311681 -10769.928099 -4642.887554 16953.470047 -11505.243151 -1042.458846 -7303.593463 3615.427314 -1560.023743 -7939.765712 -4976.920593 13958.970686 -3308.408475 -7447.608557 -14196.514576 -16758.700196 -4387.402062 -2709.555636 29986.377265 -14445.923673 -15335.589841 -5481.241864 -5972.611586 -12113.318491 -5184.506226 -7657.803595 216.679931 -5852.729960 5572.227242 -8183.494019 -16167.131823 -9672.354867 -9028.473340 -4551.464757 -6578.015629 23.673254 -5275.449121 -10097.337007 2350.944047 -16441.766922 -10262.538419 -13438.951196 -5464.152372 -8606.777536 -10665.121038 -13821.210156 -4653.976438 -15517.774112 -9911.944960 -1454.804653 -10950.560256 -7497.048041 7671.945416 4777.403963 -16612.986155 -7445.279845 -1182.339353 9790.956903 25109.200782 61063.744190 -13511.290438 -4497.799277 2383.401557 14161.666888 -11755.464849 10844.887522 -16052.227320 -11731.005362 -15266.933168 3483.613240 -12560.904937 -7223.485763 20136.374364 18566.282494 -14641.169183 25453.791661 23151.599179 -2223.165339 -15344.823423 -16153.123498 12407.139631 -4923.394777 1255.074889 -862.872667 -11769.398100 -11704.782783 17926.490698 -14521.561311 -2606.616521 -12706.628727 -2403.728512 -584.279227 19806.023990 61273.120653 -15927.044744 -15322.353898 -7692.531277 -5013.530300 15472.583449 -5096.022748 -6562.316454 11184.269512 -13438.033041 10952.187186
4314.398827 -3807.630540 4401.554334 2485.285378 181070.388411 -516.284972 145.136435 -4730.042419 -2102.977124 -3283.289522 5372.603531 -5284.312269 -1621.511109 -5677.359497 -6955.492168 -7163.221417 -6907.840846 2176.297100 -2210.038218 -6278.050595 -3644.930797 -8119.634787 4190.548892 -6990.437113 -6952.337623 -4625.709393 -1714.797219 3409.853396 -9165.819695 46785.513684 -4408.073323 -3651.798613 -9303.485867 -6939.243506 -9898.405420 -4532.473490 -12812.908902 10722.931684 2643.584465 11814.427957 -10844.615200 5458.195410 -8863.779997 381.723729 -953.796323 -9767.666874 -6972.579216 2083.680597 -6210.290536 768.612244 -9966.287171 -9243.825160 -2616.554323 64484.451455 8799.853987 4665.452930 -6694.583561 -6749.645404 -4546.982568 -7023.594127 3824.150882 3201.409018 -6381.337991 -7956.509063 -7369.949385 -3926.423994 -4750.037936 -4131.506727 -7150.866447 -5031.776799 -1253.920645 -4908.314073 -180.396374 -4579.998135 -3511.012069 367.605124 -7579.193806 17657.887456 -3180.605260 37217.743241 929.103626 -2538.913126 -4530.762895 3346.594147 -3075.939262 -1061.711212 -6999.913769 -9086.078227 -5220.152035 -3385.201834 7698.393182 -10312.162707 -9778.667764 -3930.063512 -3297.149284 -7466.052834 -2196.303903 -3467.117340 -1195.270411 -3274.118907 -3309.458757 -1430.330534 -10516.398787 -3089.097615 -4653.249015 -4039.597654 -4159.028747 -1576.804865 -5136.136322 -3820.608168 11058.120377 -8049.990600 -8509.222278 -8096.068663 -1092.298632 -7281.267105 -6498.321674 -8024.085952 -2378.758407 -9998.391995 -4591.535507 -2721.834249 -2917.890713 -6098.064032 11430.590191 61869.965687 -10399.347154 -2344.770593 17459.928587 14949.506371 4029.148477 -6228.982377 -7398.889005 -5316.087984 8698.966010 -23.849510 -8314.807185 -1646.549653 -7312.776787 -4533.802772 -7261.265206 1932.000861 -5027.957642 -3758.732403 3350.998723 4367.826952 -5009.226928 3894.505496 5021.707991 52677.900521 -9271.219775 -6311.970670 9243.986358 7643.726912 5270.796317 -2919.719107 -4786.932312 -4728.158247 1193.521788 -7289.804485 219.029905 -5877.197923 -795.356042 -6961.728634 1070.287242 -6160.146387 -8189.072834 -8520.374155 -6715.297704 -3136.167021 -662.244194 -4805.014714 224.296134 4956.524344 -6995.579829 8170.487767
-774.993576 -3913.598534 7330.776128 9204.446085 -516.284972 178982.841571 10661.277394 -1854.221319 -9412.850310 -5537.404639 -3110.638594 -1814.580892 2936.959688 9818.540305 -12037.608192 -7591.969038 -7175.390202 4597.640224 -2921.969135 422.348304 1918.679755 -8617.441959 5577.708233 3976.125744 -8202.315146 -5746.886000 -4065.661968 1995.993255 -9879.917799 -407.690327 -4275.612146 -5129.775464 -4912.508133 -63.321581 -9215.539220 -1203.410322 -12708.035175 6097.764339 -2450.483932 -768.828860 1833.560943 -3711.131940 1737.139798 13041.457038 2136.901309 -5547.890104 -7163.841745 9989.310361 429.534450 12275.528044 -9741.837801 -9882.437668 -4672.952363 -444.647577 6119.103326 11498.313656 2198.047224 2090.022748 -4466.621719 -7678.879099 5251.244804 -1149.709955 281.160804 -11944.666643 -2738.133913 -5520.317051 -3640.136482 5841.329650 -7439.608597 38.457982 3078.920177 582.087040 -7059.018878 -2677.961270 -3078.572557 7295.488174 -2330.020250 2200.265338 1034.350057 -1200.331478 8274.144185 -4940.485836 1113.813810 7765.659223 -614.001186 -4513.866303 -7604.678517 -9217.568909 -3762.274459 -1610.314738 8109.466139 -9610.238034 -9158.682941 -3330.521918 8055.109087 -8450.571023 -1745.708973 -4226.045101 2285.272330 -3919.950352 1132.529478 -1731.654263 -6004.887276 -6597.086217 -6778.866086 -5150.088709 7426.005907 2596.822685 -495.178058 -8914.505714 2517.156508 -9670.464803 -6402.530752 -4122.588749 -1735.224675 -9208.286832 -7137.167824 -5586.046781 2437.515406 -10181.755902 -5162.388495 2527.451036 -6814.551472 -325.030841 2350.663155 785.079694 -7386.636727 -4589.989282 -28.136659 -812.217638 7600.023554 188.244482 -8064.474492 -3529.635710 4129.339884 4538.254911 -9047.441058 32779.523933 -5989.813075 -4611.178247 -5873.943480 23051.040484 -5091.980349 -959.652608 13299.829804 9845.633053 -7949.308409 8000.752852 7099.809261 1567.577071 -10750.107523 -10093.104079 4389.702142 -2216.002162 -229.778440 -2394.760665 -5691.055627 -5369.191938 8204.223422 -5761.050038 -631.333090 -5444.939229 2113.335405 -1731.296723 6012.021583 428.814934 -9165.363961 -6101.071027 1690.359536 6029.667942 6689.293465 -5545.878124 4973.400076 6464.488039 -8089.733219 5324.591418
965.942118 1039.577139 957.141827 3042.978558 145.136435 10661.277394 178593.930681 -730.313373 -4452.826708 1092.397031 340.467727 -6475.367658 6693.552053 6213.285905 -5983.342006 585.686680 -10298.545694 8914.440151 3354.979187 1109.489960 867.339764 -5260.992808 2664.455466 -321.125530 -867.849092 3367.368089 -1740.615104 -3981.336602 -6203.976372 -1864.332746 -5580.694098 -203.968918 296.582727 2459.590408 -8888.490468 -4532.017911 -10879.975913 -2382.578721 5163.566884 -1572.168332 1886.874488 295.372430 4575.172047 -5256.917225 5817.812697 577.806667 -10281.400503 -5335.532221 1288.711712 -620.144799 -481.725614 -5958.463286 -6636.219131 -2627.349088 -3043.515007 -4067.050129 375.211489 243.961362 -5525.990571 -1649.930360 -4537.991072 -4454.095919 1145.382738 -9233.264616 -3345.816177 -2051.936044 -332.297474 2180.443383 -7806.887325 1125.405668 59298.729294 3896.677173 2237.919981 -4642.563165 1469.416090 -6814.758617 -4389.969356 -1417.277658 2027.010060 -2817.323048 22766.051421 -2165.023428 3566.880305 -2429.661831 -2344.448768 126.222362 -8947.794474 -7356.422433 583.431950 1379.977274 -1028.951939 -6962.670123 -7367.253694 849.555818 22980.808119 -5713.484592 -947.886567 -6300.633677 9811.119279 -206.805849 -208.265164 7149.578039 -7067.918759 985.429691 -2679.254091 -6899.191160 2844.383398 2571.748040 -24.635620 -3340.030988 -5057.193832 -6043.181990 -7399.041936 -8336.712589 2840.101902 -5439.690779 -7196.251215 -7800.350933 -3522.517124 -11337.814395 -5018.587011 8319.894203 -7806.206178 -1915.394597 3754.791090 2445.244106 -5140.385083 -6530.507641 -1123.529965 -2124.276382 -3804.708689 1169.940959 -5597.085953 348.954910 -3198.464423 -31.986603 -9376.695278 3312.431422 -3683.178712 -5599.693712 -2328.266400 4497.047144 -4282.656336 -1029.660069 -4953.036788 -2427.415736 722.239331 -3812.210012 666.489451 -3571.471421 -5255.707798 -6296.724424 486.359162 -3331.639236 941.875839 5746.050665 -3901.166132 -3761.286318 -6750.696056 -5029.509936 -4495.223331 -4676.148931 5965.269524 8406.676990 -7262.435303 1094.899001 -1287.878153 596.377865 6246.309815 4303.838114 -5202.260694 -33.575578 5986.509408 694.717557 -5903.048722 -4917.555608
-2775.813354 10947.745808 -4739.935902 -5358.080013 -4730.042419 -1854.221319 -730.313373 169036.088581 785.746356 9514.670510 -2511.297002 2663.261252 -1670.915768 -5728.904523 2856.173319 1608.699847 -2530.160863 -4765.688434 5561.435714 -8406.233173 -6137.468391 8063.210929 -5485.568442 -9969.512363 362.818552 -680.123724 10356.440599 -7672.404367 4563.184095 -7017.230822 561.096542 4189.567114 2104.434036 4069.808640 3297.051362 -6286.376558 1385.789355 -3958.124908 -4180.343801 -5744.525813 607.950866 -1849.111755 -2510.032859 -12226.281876 -979.705909 7778.944987 -2527.856964 -10423.203560 -8491.703761 -3155.906803 1826.829963 4801.254938 -6679.332755 -9881.919962 -5824.558056 -6482.922765 5494.032311 4954.625941 -5997.771133 1122.261595 -9745.827128 -3556.003782 -8756.110305 -745.557203 -1266.774984 4275.971169 12161.166011 7169.559613 -1036.437401 12448.387078 3486.564094 234.819439 8260.380356 13191.018458 4941.007259 -8182.360990 19262.947518 -5985.571906 -228.005443 -6547.742336 -414.614289 2787.869812 -4387.289311 -5356.063380 -4713.316339 6113.287781 3430.095112 205.368890 12472.199153 -3433.815031 -6343.975166 -1610.690738 5858.104095 10201.590833 -3077.341899 385.674933 -1817.650270 -3038.209015 -5779.108320 8671.315476 -7395.269677 4110.121982 2697.096782 13654.865548 11060.113176 8472.655397 2894.626852 -5257.056246 6851.893254 -1233.726908 -6605.889882 3444.280696 -2457.432242 2571.296496 -3094.282167 1192.791643 2629.276148 -2503.284261 -3946.292643 1589.086247 443.569353 -2532.226038 357.093626 -2338.574118 -9101.070659 -3212.126967 3959.265014 -6642.070946 -4434.706040 -5207.495313 -10721.872463 -8354.436782 2719.858775 11422.445632 -2755.049516 -3205.480207 623.301555 -284.823019 481.071470 -5975.012574 2770.740044 -1807.564893 -714.071316 -3013.785268 -7583.723307 -11251.837146 1808.420264 -10541.423104 -7999.627590 -8044.751551 2319.469655 2578.990274 -7704.084459 -3275.689460 -2970.538294 -4493.979853 -5106.981131 -5160.021238 -7593.501992 -765.647806 -4816.445958 -937.779136 -1078.905357 -4000.130298 -12815.239747 -8415.658518 -1861.615317 -301.065246 -4279.037479 -3806.246577 -8275.040031 7465.169683 7100.302357 -5459.064703 5784.837310 -7755.395353
-512.144224 -2224.854656 -6901.135317 -7694.567523 -2102.977124 -9412.850310 -4452.826708 785.746356 164183.727470 -2219.523868 6697.433528 12426.254615 -5245.322737 -10170.471684 17744.219449 662.815112 -11744.565364 -5280.789062 706.646669 -14104.831850 -7091.270281 7891.113393 -7664.587184 -12908.073131 727.986146 -2986.326436 -1774.268530 -7870.782884 -7207.064887 -2536.120770 40076.825798 -4469.886461 6649.184532 -901.018107 16704.683776 4229.113482 16756.375031 2728.377473 -10282.006082 4092.870939 -6780.041778 -2022.105451 -1488.409229 -10046.658450 -12806.996574 2573.300350 -11732.092145 -11021.311906 -14149.921641 -1655.646230 632.338788 -6827.113701 -146.854846 -2006.690652 -7250.990316 -8020.064381 -4955.649543 -5155.315245 14791.856689 1959.281753 -9912.099050 2527.553617 -14184.006814 17947.116952 -11911.877392 4804.170684 -817.513354 -11319.686936 -12578.933404 -8445.030266 -6524.383739 -3335.012019 -3878.623496 -1150.496790 595.583511 -8466.671576 3037.040843 -7468.588127 -5392.233358 -5950.006787 -3231.198631 -4539.061572 -2611.925634 -4838.510621 -1274.695084 -687.185859 16970.043683 15617.650473 1688.746989 -1666.692945 -4874.664588 15617.139916 10427.251788 4310.688727 -6452.207993 20238.973349 10918.274596 9172.046322 -5549.981054 -272.204412 -2962.050869 -3937.238631 9189.818985 2699.197585 2596.144947 3119.964461 -12060.781197 -2197.775218 -6485.144444 -9421.722821 3025.695972 4237.773540 11208.774678 15744.294268 309.354079 -8351.859123 19891.971624 16310.173211 -6007.009844 20463.193377 11955.043660 -4325.624817 10605.133944 6491.446622 441.075410 -4298.865806 5344.189549 207.772232 -4204.786231 2945.908099 -9183.648944 -14108.981213 7363.788320 1146.922004 -2675.465340 -3283.445479 18744.933366 -9564.609253 2984.821493 15188.205431 -9899.735192 -9070.354250 -7442.390739 7628.385130 -8948.305157 -9477.713583 -1109.867494 -9174.522341 -6466.476519 -1254.118854 9809.220597 10500.658626 -4328.498226 -4494.812141 4441.111436 -479.252102 -8789.782871 -8981.220241 -8368.966156 -10938.451783 -5916.385005 -8592.037233 -13002.892673 -2004.416126 -9568.506209 -14142.635901 547.966677 1366.362180 -1134.370482 -4027.215672 -9049.732070 1067.587044 -258.325769 -9149.144161 12582.818447 -6755.382846
-4697.851149 -886.112688 1131.661734 2266.430975 -3283.289522 -5537.404639 1092.397031 9514.670510 -2219.523868 174481.693409 -2015.056989 -3874.185359 -1046.078483 4179.700835 -5721.761422 -3090.709958 6347.773429 2114.099600 7520.454210 -4115.367587 -1574.903292 -3145.945573 -1628.458254 -1923.845260 -3237.927094 -2102.869161 -1336.278492 -5182.145114 9460.773523 -4695.238214 -4837.686596 106358.058787 -3288.442119 -6150.202859 -5553.227848 -12978.143134 -5099.258976 -5677.425403 4223.449107 -6269.642393 -5582.268131 1034.903031 -9520.962638 -5376.535654 10043.606355 -2892.103411 6513.962380 -4818.942684 -4025.256463 -4083.094430 -4154.797075 9765.851865 -7860.940473 -6473.976392 -4400.717474 -4117.446711 5046.072722 4529.457647 -7689.165427 -2209.036110 -4673.564125 -10343.944442 -4264.711499 -4964.143076 4502.414105 -1104.758642 3465.489218 7697.373691 5712.852698 5134.173404 5168.260799 -384.040567 17716.735852 -1566.067848 5403.372373 -7587.754885 1182.272016 -606.011091 -2709.984473 -1691.530432 1581.551201 -2752.747954 -3641.208813 -3119.186036 -6108.823450 5665.704548 -5296.864542 -6886.763400 8141.821941 -1742.748252 -3134.868492 -8317.928822 -3631.485411 1916.267978 -1727.520466 -4839.581287 -3400.502067 -4961.500100 -4848.421498 6208.420768 -3265.824157 -4674.417926 -9862.611032 8296.123424 164.007622 749.950825 5428.221182 -4567.062160 14311.834565 8309.794689 -5594.517321 -5238.658032 -5482.542157 -5540.787597 -5852.653689 9817.758895 -7570.270666 -6761.347104 -4588.459274 -5850.915864 -6625.997000 -3445.222889 -4540.605114 -4372.661670 -7817.573559 -3475.288202 -4889.618011 -7728.741210 -4295.244851 -4736.174770 435.634013 -3937.051559 -4728.068110 7675.537740 -3506.218165 837.565809 -4381.482782 -7933.050421 -4454.378815 -7652.559039 3923.434237 -2936.063991 4147.409080 -4514.126787 -5962.856976 -6662.486479 -3153.748867 808.142700 -6546.610575 -5864.274980 -3451.501640 -3700.077401 -4043.943787 -3622.546570 -4847.476093 3122.599610 9529.001744 9562.936897 -7483.806546 3684.894861 -3433.512726 3961.215593 10134.887435 -30.554152 -4905.041807 -4058.724837 -3992.553516 -3212.982580 -5585.818517 -3707.714311 -7411.065197 9077.513359 2223.930655 -4996.745366 -2945.034851 -2203.964785
-2119.388163 -4931.237075 1007.740682 -1629.715712 5372.603531 -3110.638594 340.467727 -2511.297002 6697.433528 -2015.056989 171560.670721 4194.619286 -1591.477149 -2057.814935 883.397998 -5892.621331 -14616.470172 -1087.364206 -1410.313417 -5259.393413 -2473.129115 -2032.084155 872.462558 -4104.696824 -8568.451624 -1583.280279 -5282.337153 1087.409267 -10254.082815 544.651084 5505.859722 -4163.696057 -2961.157309 -3530.452882 406.917466 2907.547135 3020.005192 8142.192136 -7777.123353 5774.077106 721.134690 -6135.323769 -2639.432268 1680.502994 -8436.410877 -2388.988360 -14615.517326 -1421.018123 -5237.588700 5503.306860 -8890.087571 -10251.628649 495.983719 3049.354033 3997.351840 778.061573 -7898.167689 -7977.819489 9886.856185 -6320.321037 1307.284194 19180.523181 -5187.967342 741.303345 -13779.551443 -2551.948442 -3214.357369 -9289.642923 -13255.675769 -7283.968705 -4395.596407 -1355.209264 -2606.297883 -4384.810133 629.393087 899.878338 -539.718157 -3324.132511 -4138.861443 4085.280234 4734.831779 -3321.241396 3138.814305 6821.751643 1038.014925 -4494.222859 447.311932 2880.230269 -177.651438 -125.770157 9837.635717 858.604533 -519.000950 -543.912167 -1663.652704 3809.355296 6299.630692 1316.941440 386.808686 -1556.505646 -277.027048 -2799.435742 -170.100899 -11.094913 -3783.236749 2512.566000 -9861.421068 3669.261225 -4827.150551 -7091.745543 3954.163282 -5970.881698 3469.745522 4367.801861 3256.353801 -11312.396249 6851.316188 5020.644924 1409.851997 1533.046481 6203.142184 4458.281605 8239.820791 -2142.093909 11319.250853 3054.515319 -2322.033314 476.748240 601.775501 8584.333256 3343.074146 -4968.645141 -4274.683757 -997.507363 3762.480756 -927.588796 3121.568876 -252.357106 -6349.151431 9958.464021 -13602.279314 -3332.812895 -12238.981217 9927.386970 -727.945004 -2344.323335 -7165.250684 3288.887893 6843.154670 2740.951051 -2056.701621 72.948289 3470.304148 -3498.815400 21588.387071 1278.134193 -12643.169255 -12558.482667 1076.271147 -13809.171351 276.829399 -11583.590343 -8332.793496 -1115.264789 -654.930498 -5044.527656 -9686.350258 -7082.107708 -96.717665 616.613877 -782.441610 -3214.051554 2287.020043 -93.811373 926.085729 4482.967726
-5091.808977 -763.678117 -6332.847186 -12969.262264 -5284.312269 -1814.580892 -6475.367658 2663.261252 12426.254615 -3874.185359 4194.619286 168732.761808 -4385.220958 -11903.046999 12642.919063 14383.950224 -6959.669607 -5223.635336 -1642.738942 -18175.213590 -10271.507994 11839.333952 -8212.677485 -15832.037336 11938.781377 -279.882000 218.288617 -10081.645223 -6120.465928 -5878.559238 15250.789715 -5615.324712 14067.232940 8335.380589 7523.858965 7758.845891 7105.088045 -1887.094706 -10626.399242 -4819.620519 -6327.565059 -371.613470 -307.012567 -12239.399807 -9325.212296 7092.788730 -6806.131709 -12230.328417 -18285.115121 -1522.397364 12067.036554 -6130.305937 -63.660074 -4565.858847 -8564.155417 -9098.603531 -4635.614019 -4682.214845 15837.175233 13047.084300 -10456.207838 909.420224 -18120.574940 10009.515962 -5612.294010 1697.591600 5128.977246 -6219.011634 -6812.004741 -4693.025243 -3730.496045 -1910.802037 -5711.436724 4451.976044 -522.656783 -7846.810192 4618.655817 -6595.275529 -1806.470478 -4338.761179 -7824.006251 -637.390535 793.594351 -7651.225783 -1671.270498 -1112.041396 13071.221785 12284.748426 2943.500559 -3087.284458 -8203.680716 10410.259374 11608.252940 -2053.912442 -7258.252836 14955.859207 5073.187446 5853.938972 -7550.148284 -2184.550052 -5534.407022 -1075.412007 13487.705984 3346.566419 2732.621636 10566.659919 -4965.247474 -3108.159418 -2520.238056 -5329.765557 -2841.158415 17028.921479 10337.218816 18941.092091 -618.895730 -9148.562640 12149.220721 13259.108736 -5649.392682 11337.478715 6758.450680 -2702.674994 9801.118394 -693.721089 -5143.974282 -5868.854738 18735.647989 213.796290 -7121.464937 -8268.291164 -8857.448844 -18172.740828 8630.575205 2449.254688 -8296.058894 -5078.357682 8827.647449 -7569.691811 13332.053240 15796.236805 -5271.295068 -6063.392415 -4170.735323 11790.993046 -12139.275754 -12959.605083 9191.261109 -9019.259890 -6747.889685 -5278.380313 9125.935712 6455.441296 -8373.939800 -2056.819458 1201.491821 -527.852922 -7951.426324 -7862.743056 -7566.370005 -7252.025734 -6362.522567 -6093.391889 -9370.146834 -6795.587266 -11784.558857 -18108.377001 9730.954811 9711.120423 -1736.978158 -1701.943404 -9194.648182 647.476801 467.167682 -8288.425485 12787.826272 -9249.524953
-1112.674495 2614.489855 -2116.143914 -320.352380 -1621.511109 2936.959688 6693.552053 -1670.915768 -5245.322737 -1046.078483 -1591.477149 -4385.220958 180347.912390 -2182.885662 -3409.077804 -5202.724302 -10080.809460 9530.549432 -910.324108 -6007.563415 2399.182212 -5850.961921 1111.673246 -3734.753213 -6527.932033 2587.034963 -3830.335477 -128.084736 -10061.000126 933.226952 -4105.691666 -1737.198128 -4906.172932 963.049514 -5415.159849 -2296.615361 -6192.591873 1219.168478 -3843.544505 596.205989 15125.730316 -2806.005380 8718.640192 2659.002552 1825.854591 -3580.815786 -9926.915679 -3888.325372 -5925.162751 6026.823443 -8545.298972 -10209.152585 2855.907852 -130.876489 8103.477227 6044.222229 4028.256723 3639.354815 -6012.328041 -4391.139238 -2714.041660 5565.187675 -5995.672787 -2813.120390 -9134.151978 -3633.390909 43.947783 -3899.585083 -10807.616039 -4143.090145 -1420.382696 2636.859629 -5360.285808 -5249.976739 -2470.149157 700.643873 -2414.678225 -1185.968719 -401.024050 1873.117597 9453.124253 -7081.104385 4778.953668 3212.600918 7116.341632 -4121.731387 -3310.300554 -3681.565329 -7107.108821 7911.000295 5218.160577 -5545.504852 -5256.753004 -710.698611 9808.027496 -5434.126505 -2573.491504 -3844.178727 10686.224728 -3434.714100 7989.844925 340.333114 -3828.981468 -3433.212248 -2687.687995 -2266.711936 -2276.786451 2447.987967 1142.653806 -6502.126761 778.986464 -5543.003318 -3148.136465 -5789.081539 10943.962105 -6930.513195 -5779.561203 -4293.813785 13571.216932 -7133.479573 -2402.206948 8441.617751 -3451.285158 -2555.364846 3686.516170 27.702911 -6928.969130 3188.003015 -1198.380013 2847.857042 -1439.890323 -5913.883453 -6202.280873 -7047.874072 2213.393147 3164.033157 -7041.647850 6941.953414 -4878.400807 -5943.178476 -9419.871667 1732.687470 -9078.118605 -4051.263790 5657.568065 -1409.467932 -7662.779172 -1371.962006 -388.266909 1547.765527 -6528.650912 -2575.850037 6709.588301 -3016.023370 976.712768 9649.607990 -8680.574093 -8698.594389 1216.574472 -11000.029612 16047.894714 -8694.937506 1910.197921 10117.371595 2428.474861 -5913.481276 -7330.461464 -5485.941522 13140.236634 13021.498861 1920.092822 -3811.672390 -681.777303 3107.698761 -5994.561112 4229.801455
-4850.881688 -8737.577298 7099.564629 41055.629656 -5677.359497 9818.540305 6213.285905 -5728.904523 -10170.471684 4179.700835 -2057.814935 -11903.046999 -2182.885662 188082.192322 -14753.362206 -12713.188193 -10254.546050 6406.642397 -2147.216322 94465.194659 44546.874846 -15802.478116 4017.583405 79703.859130 -12621.921647 -4615.639848 -7380.854849 -345.396678 -11922.892719 -7228.430175 -12840.680210 2402.912078 -11784.378595 -1869.554697 -16053.702041 -10821.991715 -17263.230944 -3932.916845 -285.384747 -5019.251255 7325.578153 -8699.164629 -6230.945522 -1124.632385 5638.122603 -8817.183342 -10007.244348 7455.924030 94479.767828 -1906.087922 -12911.693198 -11967.041371 -9160.373720 -4518.566851 1925.374209 1956.937496 -7887.027707 -7947.885397 -13698.115383 -14135.609119 1765.948026 -4062.351390 93725.975779 -18892.121195 -11083.729010 -8866.477402 -3291.502047 3310.611455 -12628.630132 -666.286381 123.855735 -3539.862861 -5010.475980 -10799.580132 -4722.536083 1262.041555 -8993.543689 -3044.710550 -3463.354244 -1982.384064 4978.541303 -7032.412283 -566.532465 5124.199085 -6278.663655 -4108.889040 -15089.792064 -15514.115785 -4753.618722 5055.672116 2092.606065 -14685.901321 -14196.420393 -4669.214250 1778.169583 -13133.708736 -11849.006650 -7286.024262 -404.302025 -5166.567827 -1120.914155 -7190.380645 -15196.803650 -5394.600492 -10825.356825 -1980.043903 1156.517463 -678.661921 -4734.126105 -8110.427406 -3081.797538 -14736.124390 -11829.514739 -15319.500171 -2726.727080 -1641.987673 -16148.817157 -14242.350155 -4765.796978 -16255.253659 -11908.537950 1272.548548 -13159.072055 -6957.856418 -1244.912365 -2423.401173 -15230.455077 -9096.844240 -5071.129297 -295.551472 7723.655576 93485.152681 -10715.267169 -5009.647628 -1744.790038 8145.630199 -14246.406734 14911.087644 -12317.890964 -13496.678038 -9757.089498 12312.370181 -10370.692339 -11344.799036 3868.401265 3109.958195 -11961.812135 7937.775311 25403.927326 -7409.653201 -15545.385782 -14258.774083 554.402060 -5227.472090 -1474.867281 10980.221739 -10389.097130 -10232.217449 1859.623202 -10298.124406 -5735.353014 -9307.289303 5644.929937 10403.156542 4345.802670 93969.001395 -12588.988527 -14257.033462 -4060.210742 -3528.632183 4753.077476 -4650.477946 2321.047444 1505.963008 -13882.035748 -717.678760
-5600.054657 -1849.932006 -9060.341932 -13092.256311 -6955.492168 -12037.608192 -5983.342006 2856.173319 17744.219449 -5721.761422 883.397998 12642.919063 -3409.077804 -14753.362206 166854.182337 -148.741556 -7153.194447 -5942.442335 3462.500752 -17798.170058 -11098.287859 19604.425300 -9443.965477 -14582.546400 414.685524 -508.335350 802.886457 -10349.742301 -7882.220930 -7037.139905 20447.829351 -7403.513745 12106.943213 8289.216516 31032.699683 5939.932976 34366.004875 -2884.051274 -14324.054847 -1765.412487 -3352.184455 -5864.805234 1019.238147 -11326.413199 -14463.350487 4849.881050 -7153.619298 -12991.641130 -17681.489007 -4242.765257 295.463514 -7706.527880 3948.704334 -7782.224785 -12906.800030 -11459.561662 -10000.462742 -10261.233944 10098.887968 864.431909 -10963.742544 1558.338445 -17879.615829 23162.229007 -10849.301230 4563.014301 679.265801 -10443.087095 -10054.541928 -6042.444646 -5944.211239 -5619.842570 -3405.158931 1950.581038 1526.795317 -13714.079067 2073.714780 -8034.856377 -5053.377994 -6285.339394 -6436.995897 -3215.304582 -5352.130075 -11302.797350 -2659.759589 3658.700571 30266.920050 25540.324747 1059.945290 -2704.212977 -6526.784531 15289.807581 17193.606598 -1303.897353 -8302.783928 20797.557766 11237.932167 5638.807744 -8407.960649 -26.502073 -6137.620240 -507.341149 16713.990536 2099.639983 741.252100 5716.135482 -11347.676848 -824.751483 -5322.283962 -7763.214786 -1467.365737 7144.261511 10932.528793 23668.768696 2163.824566 -9051.049601 20835.580060 22897.122112 -5125.654588 27530.733053 16719.297665 -3083.333568 21038.861718 12066.105222 -6465.889871 -8466.348070 13976.025693 4125.953687 -6202.313604 -4534.655323 -12669.291160 -17808.089804 12990.911365 1118.183495 -8028.763158 -10579.185772 35502.645740 -8694.546184 4549.795880 10331.539687 -7422.992047 -12501.234033 -8076.372119 10838.274337 -13579.276829 -9219.159945 -1235.791040 -12615.827132 -9300.062015 -8297.529471 22702.457518 20822.521461 -6366.292873 -5504.162729 -1242.193096 32.498880 -9869.479476 -9817.994328 -13644.650010 -9332.850772 -4247.672482 -8363.082494 -14431.542685 -4242.048241 -13004.027827 -17603.223723 -619.269324 -178.392225 1733.469749 -3790.373663 -11969.627569 1489.439974 -1605.971652 -9763.031218 19640.853481 -8414.476827
2938.355224 4526.173456 -10520.611678 -18441.026174 -7163.221417 -7591.969038 585.686680 1608.699847 662.815112 -3090.709958 -5892.621331 14383.950224 -5202.724302 -12713.188193 -148.741556 174813.844453 1665.559055 -4100.788708 -2368.888473 -16214.314602 -9825.831923 2342.154985 -11475.875332 -17545.268855 54661.771559 756.749781 852.975290 -12516.490555 14040.180040 -8423.998569 -1755.558120 -3010.427959 15912.921389 4262.734170 1466.363908 -4285.409395 -800.295772 -8617.212159 -4591.677217 -5124.139439 -12139.789403 9592.322958 -4914.891718 -14761.552572 -2980.874750 8387.793143 1683.843079 -16444.694407 -16204.058405 -9145.781019 65991.874860 14455.609171 -9321.843256 -7154.087888 -11914.846375 -10818.429550 -5240.540724 -5579.612531 641.629130 57805.656294 -12869.607527 -10503.516062 -16279.808419 -1150.960813 11753.709587 -2824.205732 -4612.775582 -5618.918636 7682.665563 -6776.860764 -5477.310675 -3574.420036 -75.399706 6225.672306 -1929.541966 -13235.961623 817.435492 -5283.468735 -3250.802661 -8908.779218 -7099.004271 500.322853 -7316.105736 -12665.481129 -7499.069821 -1818.071661 -2623.372916 -145.301086 -3245.475073 -7354.072233 -9455.373118 2012.636467 4614.640468 -5176.530765 -2904.316386 -860.935835 332.885655 1077.588289 -7745.547764 -2220.647948 -8530.572095 -2907.238714 9535.961651 -472.119113 2796.019106 -1696.737348 -6648.116556 -6289.239502 -4416.097619 2210.834280 -5750.357757 37007.485539 325.765116 -1674.098384 -7331.463405 2838.365920 -2638.854373 1137.874605 -9393.029789 -3192.993995 141.074695 -7525.694292 694.521334 -6597.759683 -9583.553180 -8984.319429 18720.889210 -9316.263496 -6317.739744 -10122.494811 -13635.081150 -16142.400714 10093.462154 -3303.077369 -9122.596044 -7450.822995 -1183.774913 -2379.216488 45534.198149 695.716012 9092.898880 -7410.088757 12763.151245 -129.706239 -11928.696154 -14966.977132 55224.583729 -13790.846791 -10057.604433 -6223.009259 688.708773 90.645626 -10399.116807 3751.309467 -5573.243529 -7333.675245 4642.359382 4553.491548 -13337.311664 9914.185964 -9734.686191 13866.281947 -2953.657423 -7049.747282 -16026.038189 -16150.520706 59541.268189 72042.301514 -5380.600378 -8792.226413 -14466.155316 -1713.544075 -4610.290695 -7936.431023 2276.498854 -12123.549495
-126.040796 4611.285662 -10211.060425 -15594.707149 -6907.840846 -7175.390202 -10298.545694 -2530.160863 -11744.565364 6347.773429 -14616.470172 -6959.669607 -10080.809460 -10254.546050 -7153.194447 1665.559055 208946.798371 -6404.399551 -396.511534 -15221.945039 -9991.480195 -1896.102096 -10916.117817 -15173.771581 -2526.500475 -2930.896383 -7580.009464 -13218.461272 40901.596487 -5331.782777 -11570.891888 11238.200471 -4480.640366 -8259.323724 -10170.997529 -13029.685427 -8527.322983 -14056.207204 17348.809006 -9914.162469 -16754.658411 9319.064989 -7425.452740 -14708.894893 6102.159555 -3170.592441 196421.779680 -11237.577176 -15448.546110 -8359.661822 -1005.483515 41541.520561 -14167.911920 -6541.596416 -14827.341933 -8390.461480 7672.309028 7784.324124 -9364.939738 198.764441 -14663.005725 -13675.108403 -15177.244368 -11749.108814 54413.850716 -7076.788523 795.726157 3295.575865 66614.742427 8257.986073 -4008.602099 -6560.725966 18643.151515 1800.334560 -4528.446836 -13131.007569 -4255.820944 3787.303863 -880.510762 -6218.944809 -11467.737312 -1861.867754 -11503.506747 -13000.889636 -13157.436956 -5123.290382 -7548.364990 -8526.815285 -3043.619620 -12140.508101 -16624.650704 -8573.781785 -3013.457163 -5917.677727 -4050.700739 -8094.921068 -11188.126509 -5782.595231 -11061.958567 -428.927706 -15482.644537 -2788.891429 -3276.667345 -6057.490473 719.016662 -9814.992061 3005.276694 -8000.637021 1863.580675 38835.524129 -10188.808570 -274.563668 -6427.481844 -7949.734505 -12811.953415 65196.510963 -10754.420474 -8596.281189 -12053.883314 -9065.634780 -11744.586871 -10888.774282 -6899.534118 -5613.190082 -14744.918872 -9388.422078 -2619.020696 -14246.687433 -6279.545915 -16096.357185 -13578.813004 -15113.899905 -5343.287449 -2166.671057 -11752.619742 -8585.172384 -10808.218323 -4889.296483 3359.506555 -9411.231070 68011.591331 -3711.602414 47182.077666 -7913.332886 -9960.944972 -13049.663272 -1336.609542 -13271.148949 -15319.063084 -8443.798540 -9799.188765 -7460.575279 -9671.782413 3444.765087 -15937.297402 -13063.935376 85381.291376 85421.054721 -13909.519525 66574.695399 -15639.330639 55329.533252 5884.778188 -7974.344358 -13118.836634 -15186.559220 -381.387805 2525.208855 -12366.126400 -15972.856190 -12773.257851 -4798.474019 -4473.322624 -3876.567120 -6300.556476 -10329.136016
