178895.670986 8516.767578 3555.510869 5487.566493 -190.922125 -4689.058456 -6720.485505 -606.058851 735.131833 -6364.712659 -3026.747737 3307.284971 -12941.303825 -13834.860677 3273.346547 -1897.047984 4044.158279 -1213.488656 -9997.976921 57878.719010 -203.669833 -15871.112674 -4809.117882 13403.413886 -11292.676840 653.007223 -8271.987697 -4433.427805 -12735.659916 -10354.002445 -14789.750168 -5965.250727 -16069.695347 6560.301524 4194.852668 1646.051192 -7254.601928 -7785.432069 -7953.918701 223.265152 -12664.242134 -13653.416602 15781.297438 4032.402463 8752.133356 -18814.167452 -11562.018549 -1761.383466 3334.065418 5763.923065 -9832.927741 1723.469740 -12178.040783 -8694.509229 -12753.817960 4133.381640 -13505.437485 -5927.599348 15172.119949 15381.278654 -14952.331211 20481.481078 5762.645204 -11418.151959 -13170.453079 4699.581311 -940.525370 1752.641482 -2155.189533 -11535.089181 -11261.981136 14948.526396 -10825.735845 880.067432 -13472.590994 526.997243 -7508.461519 14562.797069 4189.529713 -16588.678091 -13076.851659 -2596.526970 -2758.852547 7300.421467 -4697.953138 -1351.629447 15149.939518 -11611.897753 3839.679760
8516.767578 178202.391663 287.871533 5890.473797 668.765841 -6709.533939 -8781.499257 -936.099905 -3290.685571 -14354.890902 -2672.882486 35518.455955 -22109.570654 -20434.877325 5288.362018 -6168.590897 55152.787018 12699.689337 -15653.283289 13256.022711 86037.328902 -19714.088576 -9515.853830 6926.858173 -23007.636818 -2539.872969 -12330.271669 -4506.736106 -14648.057003 -11663.301321 -16592.889135 -6812.657029 -17407.135781 2441.650808 -8308.974044 23.970823 -11355.215278 -13646.915109 -12191.496356 -7189.993008 -8580.802375 -20202.631539 21862.715983 55213.339573 -1708.273867 -22541.650579 -23808.259404 -8067.833190 -2644.908990 10692.995379 -12347.285698 7397.387205 -19254.900734 -12104.326737 -19963.066549 -298.945392 -17132.683738 -8913.460199 16834.451449 15000.407158 -19192.352004 22738.233878 19406.719256 -16054.861174 -17080.046375 9636.372519 -7917.192418 -439.740303 -3388.090858 -16484.867016 -16435.938030 15497.234623 -19198.730326 -4086.275760 -17343.896091 -6946.111556 -3323.753974 15810.069219 55035.558481 -20546.800192 -19245.620604 -9517.688291 -7016.904364 11831.471545 -6969.243835 -8454.212754 8198.149129 -14489.859718 8177.721335
3555.510869 287.871533 182325.971869 -1589.508324 -168.239159 -3949.990198 -1142.127070 -4247.852481 6018.494504 -4603.795333 -1743.065149 -8618.682151 -8820.931507 -9684.721955 1230.611431 -1625.976600 -9829.598489 -5746.525310 -6885.194529 3243.025746 -10248.400130 -9405.324883 -816.669209 2188.373912 -11582.725944 47064.725563 -3266.062645 -5109.901262 -8483.517029 -6593.261692 -8245.412697 -3593.355068 -11056.588880 11230.870995 1508.304779 11929.391520 -11634.029017 4550.751073 -8579.258079 -3224.641532 -8864.236555 -9766.801112 130.114674 -9802.048818 445.967725 -12641.529598 -11764.934491 -989.628232 64941.241285 -1017.259046 -6893.072857 -2746.342685 -8455.669487 -2791.203298 -9923.358409 426.748211 -7585.293414 -3452.867533 2240.283742 2915.784293 -7484.575789 3516.195032 3583.042457 -7987.390406 -5182.891043 8753.816419 6900.655702 5773.625660 -3041.997156 -7535.713925 -7496.182856 836.617228 -9887.958078 877.510147 -8449.679175 -3032.544672 -7406.913278 -768.828648 -9697.328473 -10775.554755 -10456.431383 -6433.087126 -3116.338010 -2196.954891 -4606.684537 488.386775 4139.044847 -6114.140515 7757.858579
5487.566493 5890.473797 -1589.508324 177852.124644 9412.904342 -1925.691323 -9259.125129 -7380.435334 -3498.383167 -1993.853834 1979.793509 5848.477627 -10089.637614 -10926.709270 2619.869550 -3123.504289 -4188.652227 -1198.535034 -8177.718363 3511.570164 -372.846269 -11529.063371 -3879.149062 -173.994812 -13237.616218 -1335.226790 -3945.017420 -7480.376555 -4904.132718 -669.552117 -8338.855982 -1143.810701 -11749.470599 5623.901804 -4550.274978 -1469.456149 67.345704 -5545.377676 1159.240277 -1109.862546 -5630.915381 -10927.732031 7043.027165 -4224.768531 10964.533403 -13234.386010 -13333.552213 -3960.574321 -1332.362943 2439.143227 -8441.257314 30793.647327 -7931.233433 -3731.201806 -9420.082823 20580.441830 -8536.880564 -1418.765064 11247.469531 7467.637188 -11341.292617 6480.338448 4663.200606 -10285.906122 -9716.940099 2848.958107 -3852.195114 -779.277184 -3506.241324 -9371.453272 -9074.918736 6966.887542 -9274.773860 -804.002384 -8957.423625 -1101.436438 -2978.738905 3301.351737 -4167.569020 -12598.860406 -8878.968996 1211.224989 5206.622769 4224.429816 -6144.593775 4265.037902 4670.522808 -7964.226759 3880.626638
-190.922125 668.765841 -168.239159 9412.904342 179407.847782 -83.321105 -3575.534250 64.821607 784.145923 -5961.802455 6364.764510 3183.234734 -1293.100894 -13269.545096 7619.719742 3907.937885 -2633.719286 -1321.649906 -4038.391930 1446.798193 -3757.530521 -3482.672875 -912.700453 -5366.394062 -8915.235047 -2078.573777 -4485.487843 -1746.566490 1112.004570 2604.325470 -7322.132975 -3718.758956 -9098.835193 -2211.066485 3732.377861 -1610.616189 920.253214 -848.795313 4787.314573 3342.942030 1422.184719 -13262.602126 -7504.261871 -2496.580430 -1071.659240 -3404.393239 -8779.361787 -5205.038156 -2746.145996 -1312.134860 -8048.386748 1996.025889 -4961.836124 -4006.040471 -5167.207960 2718.200595 -6989.391420 -756.963607 -6236.155983 -4031.094323 -2057.611909 -4561.573146 -1013.095705 -3944.251064 -5165.996558 -168.296275 -4354.015010 1324.761889 5595.051646 -6810.513227 -6693.453975 -7326.524666 -7802.236591 -4002.453906 -7417.360744 3526.305727 7912.983030 -9154.876049 -2632.892519 -4120.617479 -1568.768806 6330.345463 4210.554759 -6914.719286 101.002396 6100.370361 -143.558549 -5076.905960 -5597.376605
-4689.058456 -6709.533939 -3949.990198 -1925.691323 -83.321105 172967.574639 3007.431740 9736.120051 -949.081044 4451.316601 -786.641145 -7643.902111 1004.759041 -4210.145404 -4901.400277 7314.325611 -10874.288719 -7177.904276 10741.278643 -5523.982122 -12222.416923 -1086.284476 12586.573721 -7884.981839 3238.959298 -6209.580699 2929.690058 3801.912050 4257.912238 5577.148243 6241.110542 -4289.889198 4534.261285 -2647.407969 -4384.918975 -4622.944996 995.321780 -1672.667447 -1109.879681 -2345.719580 10007.430000 -4224.402850 -11412.315328 -11010.760555 -2418.367617 216.981075 3374.340179 -3974.852375 -8913.821838 -3258.274389 3340.396796 -428.243937 536.183275 -3253.626540 1101.994384 -2474.382727 -2297.803116 -1556.196766 -7775.732319 -11780.121467 305.958731 -10093.044852 -8474.993743 4965.028419 5020.868220 -7283.157973 -3120.794155 -1546.269561 -3618.512104 -6752.256553 -6827.586972 -7069.185660 -2389.162343 -3115.201441 -2560.327243 -2414.075823 -3313.724829 -13656.804752 -10872.341545 -3424.837676 -1148.057154 -2924.750669 -2742.079044 -8861.562583 8826.315783 8427.883127 -5332.536372 8058.451394 -7345.730152
-6720.485505 -8781.499257 -1142.127070 -9259.125129 -3575.534250 3007.431740 168587.982316 -1916.400009 8502.051897 14630.279800 -4154.964491 -11786.277274 117.426566 -13361.010441 -5097.127733 2576.385631 -16374.725216 -7825.292306 10783.376813 -7598.785573 -14966.108940 -535.094309 402.452022 -7962.990330 -8508.935815 -1465.745798 43183.302717 -4803.853358 8948.964153 741.013220 20134.344327 6595.110501 20342.732218 4389.067770 -10351.587128 5397.973358 -6101.479568 -1698.417388 226.617722 -13920.666924 4873.213069 -13365.936231 -11856.778714 -16462.235815 -750.265391 -823.744941 -8220.941486 2882.829345 -867.295412 -3241.866723 21890.242011 -9532.292624 3081.739119 18490.630713 -11309.364502 -9315.989056 -8796.942559 9342.785211 -8981.430271 -9727.325418 -2428.060518 -8558.464681 -6781.424422 12699.235009 13139.065630 -3698.424963 -4129.877592 6215.675007 625.824009 -10360.260568 -10581.836278 -7685.220494 -12398.183917 -4086.589301 -9983.959593 -14094.447052 -1130.128501 -10192.141376 -16416.991052 -883.051062 563.771784 512.295031 -2719.500303 -9426.558283 2598.088987 1269.271276 -8871.228857 15039.880912 -6204.068113
-606.058851 -936.099905 -4247.852481 -7380.435334 64.821607 9736.120051 -1916.400009 173550.528455 -2226.278412 -3883.567055 -2119.935179 412.799121 -5517.691661 2606.314751 321.281917 7328.743961 -8496.625044 -4323.257561 -2451.721556 -3503.983177 -6082.432267 -6405.817251 -1017.803022 -7208.955944 6168.279050 -5541.032180 -4339.834163 104264.746845 -3204.614727 -6588.699765 -4630.368565 -12921.490610 -3925.586281 -6214.085114 2093.316235 -6990.795668 -7217.126376 -577.447621 -9998.224876 6677.055202 -2691.219613 2762.537557 -7659.232846 -8452.277817 -5248.108483 -7600.855646 6365.957443 -7053.548847 -7294.858222 -1103.735130 -3439.578813 -9866.848994 -6344.729051 -6635.088517 428.496571 -5237.838774 733.578670 -4859.906566 -7946.068575 -8977.893734 -6416.551596 -601.650744 -8720.962099 -2653.497136 -3209.472678 -5577.733209 -5291.212027 -5168.739370 2075.691111 5805.542684 5819.993904 -8669.710895 168.662077 -3601.447035 540.004582 6799.664558 -1330.988268 -7576.982674 -8444.575605 -7351.810693 -5919.012480 -6066.199234 -4529.087214 -9816.442926 8530.318947 1685.728959 -6649.359312 -2655.440786 -3803.297991
735.131833 -3290.685571 6018.494504 -3498.383167 784.145923 -949.081044 8502.051897 -2226.278412 174659.643202 5750.546852 -1096.276347 -4315.923613 -6951.986014 -16692.521034 -1472.419437 -98.103514 -8148.935822 -3865.108505 82.829855 494.409515 -6770.652713 -10398.822494 -3621.422580 566.093414 -11945.205214 1138.967590 7579.998046 -4916.432361 -1314.736337 -2469.287740 2994.379321 4650.627794 5958.429715 9163.722088 -8196.070588 6557.543282 807.633266 -6362.028414 -1636.143279 -10024.681853 -602.718496 -16710.098449 -2753.542707 -8172.014959 5866.410693 -10895.558046 -12047.818512 2868.508326 3755.446832 -1320.781791 5460.749056 -709.901817 -6791.707219 12691.665614 -15532.632347 -4230.794376 -14102.194293 11170.048582 -1248.102071 -3185.098105 -9021.391095 3441.994187 6155.975026 113.985943 2059.720671 3628.138940 -3646.429009 22940.606213 1740.120887 -14704.946559 -14648.424928 1292.310648 -15702.179054 1646.720283 -13435.284126 -9892.828393 -840.686052 -1795.442448 -7940.794388 -11663.520362 -8338.484282 1000.738702 1359.212360 -1639.363973 -2293.369199 3310.348261 -240.353446 2678.742464 4741.554771
-6364.712659 -14354.890902 -4603.795333 -1993.853834 -5961.802455 4451.316601 14630.279800 -3883.567055 5750.546852 172271.817187 -3650.244538 -13882.199093 13594.180923 -8820.413956 -5368.389401 -51.408747 -20769.914430 -11365.051047 14306.658643 -8416.422965 -18165.804218 10240.824519 2145.924674 -10438.200772 -7722.648301 -5144.708948 17709.034324 -6187.907426 16101.266737 9730.942570 10462.430141 9852.297187 10226.214958 -757.581053 -10916.861881 -3997.153001 -5901.402428 -377.440061 1132.044757 -10742.197803 9076.531277 -8682.393925 -13287.860254 -20919.124014 -1052.603546 10192.516549 -7838.930570 2692.399362 -3723.878491 -5343.531939 11554.007540 -7878.846812 13020.120454 18784.185254 -6914.311919 -6685.467354 -5751.191475 13370.369904 -12490.813248 -13601.524971 7511.932770 -8753.178109 -7303.796942 11602.714044 8756.535926 -8059.226623 -2003.058179 2646.431799 286.793393 -9787.149668 -9722.309376 -7165.607930 -8938.321146 -4889.962044 -7675.756143 -10765.966157 -6280.331194 -12701.847794 -20696.145835 7908.632518 8552.618965 -477.933421 -644.130777 -9825.131214 1759.183605 1728.142644 -8299.225169 14921.091534 -8971.858862
-3026.747737 -2672.882486 -1743.065149 1979.793509 6364.764510 -786.641145 -4154.964491 -2119.935179 -1096.276347 -3650.244538 181675.591080 -5140.203339 -6954.784827 -12868.892265 8537.698783 -312.140795 -9607.260880 344.536744 -4507.703151 77.437706 -7094.153761 -9029.258015 -2782.378114 -1356.169370 -12591.962364 901.874418 -2898.343209 -3234.970749 -4003.500992 1374.608091 -3634.889798 -1245.298778 -4193.491167 1626.164342 -5032.501471 710.246802 14494.114775 -3709.389017 9192.208656 -457.938649 -2533.028082 -12727.537045 -5878.141575 -9565.191865 5641.156586 -11273.910816 -12839.306935 4600.244224 -73.215235 1946.339165 -5551.788902 5852.740926 -5974.939617 -4220.798641 -12027.369848 271.167576 -11558.471714 -3681.930745 4577.825597 -2850.386936 -10216.551156 -1917.578014 -1821.975214 -5107.393792 -1366.815928 6145.005532 -3769.076497 1393.081654 9598.225260 -11384.181091 -11432.389524 849.535594 -13622.151321 16876.526334 -11201.338293 -354.358655 9914.530490 670.406895 -9500.683180 -9995.062230 -7429.270620 13602.021265 13124.147831 405.450706 -3583.552404 -442.958551 2365.378850 -5028.171888 3722.690197
3307.284971 35518.455955 -8618.682151 5848.477627 3183.234734 -7643.902111 -11786.277274 412.799121 -4315.923613 -13882.199093 -5140.203339 181965.963798 -17039.212327 -15801.610694 2500.650802 -4186.491001 87283.749761 39187.855830 -17138.961777 76.020142 72824.818010 -17730.039884 -9065.062321 -4252.687125 -17126.970449 -9978.025799 -14456.359878 -1904.100145 -13620.888393 -4394.981709 -17019.231318 -12608.680881 -18160.919980 -6311.295064 -4329.529704 -7640.928383 3223.872187 -12274.805640 -8693.805604 357.285475 -10616.933931 -15572.778001 2485.897201 87256.427975 -5215.620062 -18334.808703 -17251.122238 -10275.752933 -7206.047757 3978.020981 -15387.459832 10958.774484 -16154.450578 -14483.081492 -14994.767682 7915.325155 -15557.167065 -13717.418015 -159.479531 -1223.108386 -17172.504882 4511.441902 20880.419532 -16824.588979 -15818.929766 -2870.408534 -8865.308495 -3754.738091 7721.304429 -15846.674567 -15703.263678 -1247.592645 -15540.593244 -7754.998564 -14542.782607 396.865790 6885.802327 -355.659171 86796.459584 -17852.453960 -18792.149745 -6450.943278 -6176.921215 414.984707 -7081.217108 -195.584577 -2092.282877 -15562.851503 -4117.973127
-12941.303825 -22109.570654 -8820.931507 -10089.637614 -1293.100894 1004.759041 117.426566 -5517.691661 -6951.986014 13594.180923 -6954.784827 -17039.212327 171761.715901 -2851.326368 -6584.071763 -3225.764286 -21107.576022 -13383.891129 2118.999282 -14062.616856 -22212.342354 50171.790480 393.278646 -15127.574560 9835.071558 -9991.970258 -2117.025507 -5929.725228 15260.514687 3077.298696 1664.684991 -4895.176408 -428.376689 -9800.919722 -7322.852113 -6576.939797 -14535.876163 7130.692384 -6222.954193 -6879.505522 7712.927509 -2855.153257 -19864.025138 -21136.121619 -11106.328837 61291.229675 10145.250410 -9270.395420 -8674.402421 -10048.800805 -1204.913838 -5044.030885 42738.631765 1011.696960 4762.852445 -10354.597694 8534.435316 -1285.184196 -14550.227225 -17907.473798 50788.422173 -15860.066085 -13024.376076 546.362060 -265.101375 -12543.791632 1285.631397 -6622.855130 -9036.808999 166.668450 41.958671 -15239.163533 5628.922247 -10688.172329 9625.918933 -6828.394807 -8982.802339 -19234.533058 -21028.378727 54952.908962 68213.911251 -6591.625225 -10288.773444 -17447.642395 -3047.589449 -5857.502989 -10192.888958 1681.629875 -14202.945308
-13834.860677 -20434.877325 -9684.721955 -10926.709270 -13269.545096 -4210.145404 -13361.010441 2606.314751 -16692.521034 -8820.413956 -12868.892265 -15801.610694 -2851.326368 203091.429337 -10211.741074 -2360.554125 -21338.237817 -14764.995625 -3013.387634 -14638.893716 -21066.184952 -7855.901730 -9254.055180 -17043.130265 35289.256081 -7980.727148 -12966.886730 6972.327014 -6146.078411 -10437.417060 -10999.710608 -14734.006617 -9182.650614 -16295.342317 13138.106081 -12551.881615 -20304.007781 5547.962515 -9647.486865 869.751254 -4858.007397 190503.830190 -15932.091189 -21606.967708 -11441.818944 -6566.792397 35833.703866 -15137.737585 -9176.410642 -12350.372648 -11812.374614 -8569.501743 -535.768736 -10153.267696 62168.618293 -7944.917004 41573.302125 -10082.452103 -13785.059827 -17193.655455 -6683.857316 -16453.702457 -19419.258675 -10932.889981 -8787.971158 -12865.180926 -230.758322 -18030.338207 -15905.155748 79389.628503 79405.314697 -17008.323421 60789.793726 -17603.744253 49646.674257 687.997452 -11019.170799 -17558.311908 -21289.187017 -5848.928119 -2316.240154 -14577.028553 -18565.093512 -16909.306458 -7268.350747 -6878.381237 -7318.386605 -7805.485388 -13541.851122
3273.346547 5288.362018 1230.611431 2619.869550 7619.719742 -4901.400277 -5097.127733 321.281917 -1472.419437 -5368.389401 8537.698783 2500.650802 -6584.071763 -10211.741074 178505.566286 -1937.721109 2415.468434 -5818.120825 -7822.069899 947.360124 2676.535321 -7576.067754 -1779.845759 2583.077187 -9025.660923 -3754.677794 -6619.263739 -176.766186 -6620.272608 -3736.488182 -6004.296845 -6958.366019 -8792.849679 -1931.803106 4297.287362 -58.128006 -4166.195371 -3972.654303 826.047751 7146.198345 -2737.305518 -9846.317633 -3124.108034 2508.231268 1750.466855 -9447.144152 -9370.504489 -3654.437387 -4567.815194 1581.648434 -6245.152399 6830.340607 -10070.542580 -7001.626939 -5781.047611 6687.808705 -5140.504366 -3862.082511 -411.017588 5894.277174 -6887.478126 -1509.389331 -1813.961093 -7556.173004 -10284.671518 -2682.924915 -4194.601804 1213.889550 4461.338569 -7090.887638 -7012.724733 -345.541701 -7037.505385 7999.534997 -5691.289449 7045.892751 -171.504667 1160.176275 2410.379449 -9753.397892 -6663.092469 385.874401 5599.664255 -1812.912487 4747.754833 619.170724 -542.259748 -8228.662262 -760.548033
-1897.047984 -6168.590897 -1625.976600 -3123.504289 3907.937885 7314.325611 2576.385631 7328.743961 -98.103514 -51.408747 -312.140795 -4186.491001 -3225.764286 -2360.554125 -1937.721109 173873.526115 -9656.394020 -6628.871495 4289.825457 -6137.762002 -9118.696298 -3254.657550 12765.992856 -4745.035190 -204.276263 -6406.925818 -981.857528 4290.524474 3544.066974 575.244035 1444.223549 -5200.112860 2694.577793 -1103.964927 -1990.621619 -1842.167101 -4277.771415 -4344.580614 -1397.985217 -4012.436133 83.179029 -2643.366885 -8994.337411 -9760.363943 -3547.160042 -3958.795134 -55.218919 -1203.249865 -6541.685578 -1708.219179 5336.953965 -3776.070714 -1223.304271 -42.943426 -7007.607563 -2196.393036 -7028.442675 -252.742703 -5734.902485 -7699.434917 -7373.559888 612.832862 -7763.614418 -558.134479 1685.538702 -6215.131790 -4503.381149 762.809114 -1115.191065 -6300.426458 -6269.493380 -7003.971395 -6960.201487 -1483.341601 -4792.440264 -3997.697923 -5832.955078 -8389.834066 -9723.176547 -3584.733549 -3968.816940 -428.444516 -509.058600 -9496.595156 44847.455706 7126.591158 -7640.727310 2668.865272 -4153.014949
4044.158279 55152.787018 -9829.598489 -4188.652227 -2633.719286 -10874.288719 -16374.725216 -8496.625044 -8148.935822 -20769.914430 -9607.260880 87283.749761 -21107.576022 -21338.237817 2415.468434 -9656.394020 188677.868050 71414.907225 -20383.292711 34.740394 132848.114040 -23237.792384 -10956.447822 -3632.333678 -19167.852780 -15854.285134 -17435.706638 -9909.577171 -17999.220250 -7416.394945 -19992.347987 -14668.218966 -23716.240252 -12726.222002 -4993.094389 -11283.313457 -939.979864 -16761.807272 -15400.870472 -4592.198407 -16860.954354 -21318.099062 -566.360118 179711.836789 -11784.801080 -22672.979144 -19449.039162 -15662.403233 -12476.227390 3446.433128 -16434.360308 5305.091941 -20910.867144 -18090.800495 -21952.850374 2944.798626 -18549.787493 -14668.055555 510.495042 -215.886885 -20106.235177 1238.754941 41180.892002 -23635.495406 -18648.836933 -5839.122150 -13388.769287 -10482.979414 3507.211089 -19558.652751 -19559.722488 -1622.126511 -19194.251581 -9149.052814 -19293.149055 -4670.653691 362.047259 -2705.556655 179020.260740 -21597.321599 -22277.249708 -15864.630093 -8104.669315 -2139.807777 -11420.658254 -8656.712126 -6709.875967 -20576.542808 -8190.946846
-1213.488656 12699.689337 -5746.525310 -1198.535034 -1321.649906 -7177.904276 -7825.292306 -4323.257561 -3865.108505 -11365.051047 344.536744 39187.855830 -13383.891129 -14764.995625 -5818.120825 -6628.871495 71414.907225 200224.598269 -5577.146353 -3076.824931 45695.716632 -17296.962927 -6339.955847 -5715.523374 -15117.444828 -6045.913595 -8135.659224 -5193.050921 -13038.540497 -4262.387108 -10934.641275 -10205.762541 -10407.516453 -7134.773378 -8987.587777 -4061.691861 17133.277234 -8036.087746 -1752.006824 1530.470420 -11651.431341 -14314.596329 -3924.863843 71396.923536 22120.232943 -16352.233025 -15848.216459 -3617.146274 -6569.914891 -3070.092208 -11179.984933 6282.566467 -15583.037331 -9324.848898 -14652.489104 7655.594233 -13787.049645 -6629.327713 -1423.098376 -4485.501857 -14225.649069 -3471.609415 2461.322671 -12175.395526 -6364.745882 -1150.194411 -9978.374620 -6625.279242 4560.563428 -16657.197623 -16762.724260 -3215.662844 -12242.137167 -4086.677496 -14643.913212 1862.083953 9984.443833 -6286.175937 71283.704833 -17395.609755 -15598.472083 -5577.548341 -669.407703 -4493.355539 -7136.219485 -3852.386302 -801.800601 -9698.543531 -4363.406185
-9997.976921 -15653.283289 -6885.194529 -8177.718363 -4038.391930 10741.278643 10783.376813 -2451.721556 82.829855 14306.658643 -4507.703151 -17138.961777 2118.999282 -3013.387634 -7822.069899 4289.825457 -20383.292711 -5577.146353 176022.760925 -10629.298764 -18599.053460 -656.915936 5179.104383 -10429.908131 -6816.213118 -6120.978127 12606.568366 -5362.998509 19426.770118 11232.833494 20501.903881 4435.187899 27352.923631 -2802.899790 -12585.688829 -1866.363917 -4088.014712 -2159.575230 8676.458571 -12272.963229 12255.367242 -2882.220141 -15106.206413 -20534.684177 -272.474064 -1862.153683 -7403.648046 4048.367687 -4682.790830 -10403.727671 22036.624198 -6270.835136 4347.238211 9922.086814 -6483.421988 -10524.062003 -5850.477457 9780.130418 -11722.304748 -12863.026334 -2008.090120 -12860.851326 -11017.342214 23990.202162 19733.784439 -7798.364305 -3380.543104 1444.773532 -2854.327082 -7870.635662 -7978.440178 -10709.047073 -9625.468414 -378.995963 -6538.032725 -12164.199735 650.846706 -14695.861937 -20176.464794 -2367.324973 1895.550648 751.995783 -2386.061794 -11957.553382 5695.001909 3105.515268 -6634.013629 32330.818443 -9444.412454
57878.719010 13256.022711 3243.025746 3511.570164 1446.798193 -5523.982122 -7598.785573 -3503.983177 494.409515 -8416.422965 77.437706 76.020142 -14062.616856 -14638.893716 947.360124 -6137.762002 34.740394 -3076.824931 -10629.298764 177603.922842 3296.932290 -14318.522620 -4369.675817 17839.243366 -11872.763793 2276.711919 -6723.736424 -4676.740919 -11595.147771 -4248.061861 -15077.957416 -6864.829525 -14586.263540 6603.670995 5457.797319 3282.386348 -9292.448304 -8758.045670 -6638.970618 -30.560437 -12304.424363 -14521.322485 18045.989672 -172.318803 5588.532481 -16921.954319 -12181.131693 -2821.739486 1140.408307 8096.948769 -9715.332533 375.790543 -14028.521792 -9191.816581 -14669.856795 2614.930856 -13173.002612 -8281.849206 15221.962407 19477.839058 -14243.508484 19409.295186 406.940213 -10955.571651 -13331.923348 4916.771230 -2176.730136 3492.620143 2047.596660 -11628.336074 -11532.969582 17304.711227 -12815.074242 1632.925527 -16288.110591 241.311938 -4404.323479 17911.235773 -0.678035 -15920.795975 -12751.434425 -2855.570350 -1496.005233 12257.425923 -6687.625527 2723.458944 15520.764866 -10438.463641 2398.457758
-203.669833 86037.328902 -10248.400130 -372.846269 -3757.530521 -12222.416923 -14966.108940 -6082.432267 -6770.652713 -18165.804218 -7094.153761 72824.818010 -22212.342354 -21066.184952 2676.535321 -9118.696298 132848.114040 45695.716632 -18599.053460 3296.932290 182915.731415 -22021.142660 -10961.145696 -3170.777747 -21564.928955 -14151.437764 -15474.929660 -7699.048879 -16077.632097 -5911.969358 -18721.764280 -10785.239461 -20943.323192 -8567.093134 -9860.424495 -8376.619131 -5424.802495 -17668.073877 -15050.455152 -7998.857404 -14638.133792 -20918.497723 8435.127756 132997.898828 -8192.993381 -23765.010059 -21951.106599 -11399.838302 -12190.422096 5188.051120 -14210.527298 6738.375000 -20856.522075 -17203.835945 -22429.230909 -1567.189972 -18589.564373 -12231.771274 6134.963358 4213.522198 -21613.430416 10861.566617 39281.743928 -19944.352278 -16928.410141 -106.078727 -12507.579074 -9240.216947 4756.312627 -18297.339546 -18387.423210 6682.556505 -19840.627009 -7195.835574 -19794.653791 -8097.104068 3409.820662 5452.913366 132421.225265 -21728.681711 -22236.429250 -12790.994602 -7801.865760 3267.309861 -12481.469792 -8579.385403 -5530.248481 -18800.404084 -2779.431964
-15871.112674 -19714.088576 -9405.324883 -11529.063371 -3482.672875 -1086.284476 -535.094309 -6405.817251 -10398.822494 10240.824519 -9029.258015 -17730.039884 50171.790480 -7855.901730 -7576.067754 -3254.657550 -23237.792384 -17296.962927 -656.915936 -14318.522620 -22021.142660 173862.199601 -2002.054221 -17100.089217 8108.204551 -10470.091750 -1470.570236 -5928.706685 13927.138601 4430.628480 -2039.704216 -5462.555950 -2503.806637 -11981.188161 -11941.080689 -7587.135390 -15157.899372 2579.029570 -7787.655625 -11112.880068 5828.516627 -7983.264904 -19534.364408 -23413.039758 -11517.440956 107140.636423 8454.231384 -10935.960254 -9453.280057 -9769.557425 488.077592 -6889.421801 41364.721337 168.667538 1568.886024 -11753.402513 7258.547479 -1424.321583 -17512.253350 -19894.371560 80382.995927 -16529.880750 -13318.710354 -1171.625032 -3544.967758 -12480.336446 -1047.071588 -10239.952094 -12168.647820 -3816.111870 -3695.120445 -14992.609597 4342.279694 -11669.839889 6857.378698 -11007.375702 -10927.854097 -18384.628107 -23161.375328 114788.372995 56914.546771 -8468.813595 -7383.285371 -16190.109356 -454.644497 -9090.544168 -12379.872076 2696.882693 -15419.541891
-4809.117882 -9515.853830 -816.669209 -3879.149062 -912.700453 12586.573721 402.452022 -1017.803022 -3621.422580 2145.924674 -2782.378114 -9065.062321 393.278646 -9254.055180 -1779.845759 12765.992856 -10956.447822 -6339.955847 5179.104383 -4369.675817 -10961.145696 -2002.054221 171840.021335 -5353.358977 -5029.200371 -2735.453268 139.627336 -3503.434255 2889.520343 4030.126239 3998.065797 695.944078 4418.095169 -1922.810271 1389.410779 2180.592126 -10323.827197 -4292.590692 -2968.514811 595.246695 6778.902398 -9530.394550 -7419.947868 -11174.540310 -3743.378395 -2991.889757 -4768.304502 535.672192 -4883.604837 -1280.191258 3040.328459 -3333.321282 -2440.809708 -891.380020 -4273.807510 888.485888 -6374.952644 1400.942494 -4398.154594 -5181.614837 -5683.578917 -4842.422602 -5078.801638 1528.216285 2005.563496 -1514.393237 -1994.951542 -1716.042778 -286.937560 -5601.519121 -5493.161364 -4713.674206 -3544.968602 4897.052593 -5895.824846 745.611441 -2145.935224 -9003.639213 -11067.105932 -1111.239229 -2164.168916 -83.860332 2194.554138 -6636.579563 13879.421848 7812.535683 -4007.579505 4908.540106 -2780.600159
13403.413886 6926.858173 2188.373912 -173.994812 -5366.394062 -7884.981839 -7962.990330 -7208.955944 566.093414 -10438.200772 -1356.169370 -4252.687125 -15127.574560 -17043.130265 2583.077187 -4745.035190 -3632.333678 -5715.523374 -10429.908131 17839.243366 -3170.777747 -17100.089217 -5353.358977 180437.299169 -12993.274503 592.025849 -8498.063373 -5181.500156 -13170.925542 -11387.879903 -15562.063125 -9059.338573 -17364.916676 5192.479572 2281.619594 666.158149 -13756.650424 -8805.826889 -6026.059727 -4516.689027 -13451.536205 -17330.746565 76097.810330 -3413.835395 334.258687 -20310.501570 -13229.277961 -6113.255771 -1979.494784 1934.908646 -9764.375715 2910.922394 -13891.397514 -7225.685609 -14344.691907 2270.687297 -15083.899523 -9351.737126 19928.332778 46096.852740 -17625.115555 27521.246636 1975.780239 -15013.232599 -14440.183194 2111.896845 -4573.739931 1547.829881 -8831.144494 -11950.508708 -11830.921406 44761.718308 -16899.525465 302.166153 -16911.795768 -4370.907370 -7301.384385 72185.702207 -3439.105855 -18787.405282 -15041.217076 -5343.590449 -6356.245071 50467.262748 -4569.996570 -2885.300027 10924.822937 -10991.865359 1890.072424
-11292.676840 -23007.636818 -11582.725944 -13237.616218 -8915.235047 3238.959298 -8508.935815 6168.279050 -11945.205214 -7722.648301 -12591.962364 -17126.970449 9835.071558 35289.256081 -9025.660923 -204.276263 -19167.852780 -15117.444828 -6816.213118 -11872.763793 -21564.928955 8108.204551 -5029.200371 -12993.274503 207270.351641 -12620.975366 -13549.939650 11058.592920 -2215.897497 -8939.329310 -9121.038254 -13183.831624 -9238.566796 -17776.221010 17049.710204 -13241.989651 -17766.717029 3564.587750 -13180.359597 -2670.425321 -2480.845911 34960.116689 -18301.077255 -19176.059715 -17822.620476 13796.826770 188058.630068 -11584.725949 -12800.262188 -9777.045788 -11693.245578 -11950.895075 9743.857037 -10180.995901 35871.309110 -9219.459426 30850.344145 -9410.286215 -14105.237916 -19060.158388 11050.120533 -13498.553772 -15972.725598 -8322.502911 -8869.558241 -15420.905647 -1138.948699 -13504.418566 -17403.328574 35020.433395 34894.859696 -12621.201355 38166.531245 -11931.620084 36238.098773 -2521.115337 -14878.074876 -16899.984909 -18781.343703 12289.399639 11312.449401 -15125.308862 -14846.132369 -15691.215641 209.284410 -7674.655837 -6245.797328 -6976.008002 -16930.438223
653.007223 -2539.872969 47064.725563 -1335.226790 -2078.573777 -6209.580699 -1465.745798 -5541.032180 1138.967590 -5144.708948 901.874418 -9978.025799 -9991.970258 -7980.727148 -3754.677794 -6406.925818 -15854.285134 -6045.913595 -6120.978127 2276.711919 -14151.437764 -10470.091750 -2735.453268 592.025849 -12620.975366 186499.756184 -2902.483382 -5579.159603 -10604.453185 -7460.890512 -1858.151764 1013.563535 -4963.391886 11716.314694 -1670.186680 10340.247245 -5524.407078 9815.237452 -4454.825574 -5203.067545 -7554.077043 -7915.303453 546.974934 -16014.751672 2435.688906 -12214.135368 -12814.179611 946.470435 61450.863126 -722.671366 -7664.874016 -1582.858350 -8093.178331 -1711.966801 -9238.209774 -578.618219 -7497.878753 -4160.257945 3528.508005 2269.601592 -10024.450051 1409.336372 3584.361347 -2513.553010 1001.526512 9789.179578 9816.157773 6311.818723 -7042.033889 -8630.578697 -8373.027420 2229.039542 -8532.086682 3199.497563 -9059.331121 -5260.009526 -476.207268 24.154946 -15746.420712 -11130.897422 -10879.283303 -1457.260932 1707.003248 3130.819365 -7654.449279 -5138.621921 3043.074371 -7845.627811 9737.511927
-8271.987697 -12330.271669 -3266.062645 -3945.017420 -4485.487843 2929.690058 43183.302717 -4339.834163 7579.998046 17709.034324 -2898.343209 -14456.359878 -2117.025507 -12966.886730 -6619.263739 -981.857528 -17435.706638 -8135.659224 12606.568366 -6723.736424 -15474.929660 -1470.570236 139.627336 -8498.063373 -13549.939650 -2902.483382 172067.340554 -7792.477148 8731.081456 6211.379446 17965.202670 13215.569345 23603.191241 6508.124495 -9946.308288 576.813661 -1797.860225 -2322.766012 3532.500731 -15500.450803 4803.220226 -12773.121347 -10949.109503 -17671.632300 356.880272 -3902.615215 -13485.084688 8111.703022 -2965.327584 -4593.427442 19438.130685 -6311.364911 458.190090 22820.092343 -11760.078191 -5742.976350 -11796.587173 12801.506152 -7356.768774 -8786.745864 -4312.213583 -8525.072629 -5319.657214 18648.137958 18501.562841 -3919.870241 -2846.153907 4910.622269 344.930213 -11045.827336 -11201.704305 -7994.900508 -12410.091734 -3485.089571 -13457.624000 -15582.947242 -1983.780973 -9017.825042 -17449.683573 -4017.160802 -2268.827976 366.871367 -1087.359965 -9353.348100 -939.556075 2793.779227 -8648.739263 16262.188180 -5985.616822
-4433.427805 -4506.736106 -5109.901262 -7480.376555 -1746.566490 3801.912050 -4803.853358 104264.746845 -4916.432361 -6187.907426 -3234.970749 -1904.100145 -5929.725228 6972.327014 -176.766186 4290.524474 -9909.577171 -5193.050921 -5362.998509 -4676.740919 -7699.048879 -5928.706685 -3503.434255 -5181.500156 11058.592920 -5579.159603 -7792.477148 175232.141646 -5137.227175 -6935.064765 -7101.002162 -12384.697121 -7921.252713 -9223.726726 7223.548168 -6635.535627 -8100.473105 1924.221857 -10242.898285 3463.564528 -2291.324790 7078.552601 -5312.163109 -10080.744800 -7574.491645 -6747.156208 11401.025332 -9362.268801 -7983.753808 -1565.574910 -5867.198330 -9251.545633 -5710.023006 -6702.909561 7325.697336 -4749.680234 7295.778176 -5516.483794 -7414.788546 -8208.426433 -6005.255377 -1246.494070 -9577.777545 -5195.292037 -7278.517203 -5448.181043 -1926.699806 -4289.735362 -159.986466 15145.921561 15411.018088 -7883.617933 9696.788012 -4202.720228 8940.540427 3673.392633 -3436.381586 -5343.674131 -9941.395197 -6664.364532 -4440.433257 -7229.727036 -6403.683454 -7095.597271 5295.740753 -1161.325320 -5272.308117 -4750.857325 -5264.140920
-12735.659916 -14648.057003 -8483.517029 -4904.132718 1112.004570 4257.912238 8948.964153 -3204.614727 -1314.736337 16101.266737 -4003.500992 -13620.888393 15260.514687 -6146.078411 -6620.272608 3544.066974 -17999.220250 -13038.540497 19426.770118 -11595.147771 -16077.632097 13927.138601 2889.520343 -13170.925542 -2215.897497 -10604.453185 8731.081456 -5137.227175 175311.645088 16734.268838 11362.727617 6555.759299 15041.293011 -6279.678416 -10659.978623 -6294.223950 -6203.396234 209.568752 3680.750898 -9412.701635 17269.906984 -6144.815176 -17689.095048 -18171.991956 -7155.940643 14857.464409 -2680.690625 155.846882 -6249.322068 -10387.823807 13510.172052 -5236.900116 18104.458602 7310.901139 -7388.442735 -8750.824887 -5506.424245 6483.263305 -11545.620821 -16045.942533 12186.156099 -13895.765869 -8468.928982 14116.809510 11099.470928 -10578.303165 65.038830 -918.152146 -1728.627851 -6502.742057 -6617.645088 -11514.273653 -7697.921224 -4398.970483 -6381.380930 -9349.154597 -5411.400093 -16567.151375 -17925.989684 13311.888448 13215.255752 -2702.454425 -780.543162 -11259.153158 4769.921700 2643.569922 -9009.065428 17127.528166 -10290.967068
-10354.002445 -11663.301321 -6593.261692 -669.552117 2604.325470 5577.148243 741.013220 -6588.699765 -2469.287740 9730.942570 1374.608091 -4394.981709 3077.298696 -10437.417060 -3736.488182 575.244035 -7416.394945 -4262.387108 11232.833494 -4248.061861 -5911.969358 4430.628480 4030.126239 -11387.879903 -8939.329310 -7460.890512 6211.379446 -6935.064765 16734.268838 177263.985401 5337.739940 4998.648353 6754.725474 -3833.522166 -9056.731741 -5085.628545 16905.460114 -6150.832075 6025.180482 -4898.563130 5105.917083 -10454.009390 -11783.515227 -7549.028539 -5060.665749 2205.091469 -8705.637933 315.196229 -7831.461545 -6609.137535 7806.513368 -679.532177 2383.442881 2357.216254 -15848.446457 3767.527990 -12903.903636 -3577.914443 -9351.800609 -10713.452042 3451.829342 -12153.130326 -9787.874289 13039.369459 7723.166227 -8775.497266 -3695.221300 -470.207174 11722.602245 -11443.381875 -11699.951392 -9857.490950 -13370.349182 -1517.858289 -11292.514191 -4939.420165 14008.832079 -11470.878298 -7413.594026 2919.523867 4069.490773 9673.122605 7328.199571 -12363.697618 2986.911307 5027.991519 -8816.849617 9753.648095 -6620.480259
-14789.750168 -16592.889135 -8245.412697 -8338.855982 -7322.132975 6241.110542 20134.344327 -4630.368565 2994.379321 10462.430141 -3634.889798 -17019.231318 1664.684991 -10999.710608 -6004.296845 1444.223549 -19992.347987 -10934.641275 20501.903881 -15077.957416 -18721.764280 -2039.704216 3998.065797 -15562.063125 -9121.038254 -1858.151764 17965.202670 -7101.002162 11362.727617 5337.739940 175179.662647 10986.698404 45001.787318 3365.430577 -15539.862629 -2519.694065 3129.267450 -3359.701868 10355.821121 -15395.428509 11750.531267 -11117.239827 -16152.991373 -20037.086232 -671.683211 -1159.764437 -9003.114716 10228.113798 -7999.263253 -9973.438336 31055.267799 -7164.551962 1105.650853 14689.051186 -12008.308106 -8370.075493 -8366.953987 12492.778478 -13504.617192 -10541.182466 1579.513931 -14641.997315 -9011.080707 32474.451524 32924.532667 -8419.676357 -3984.222812 4066.365646 -3787.326456 -10811.025707 -10982.213288 -12807.228273 -12842.802163 2139.265513 -9907.637564 -15616.299350 807.198991 -16017.807047 -19933.446714 -1854.772017 -394.860188 7533.604048 2537.705716 -10626.682088 631.020203 2289.344336 -12187.153728 27806.131087 -1538.609331
-5965.250727 -6812.657029 -3593.355068 -1143.810701 -3718.758956 -4289.889198 6595.110501 -12921.490610 4650.627794 9852.297187 -1245.298778 -12608.680881 -4895.176408 -14734.006617 -6958.366019 -5200.112860 -14668.218966 -10205.762541 4435.187899 -6864.829525 -10785.239461 -5462.555950 695.944078 -9059.338573 -13183.831624 1013.563535 13215.569345 -12384.697121 6555.759299 4998.648353 10986.698404 212798.795899 15201.395024 4719.531783 -10006.762022 -4611.638529 8452.568633 -6355.106871 10193.557426 -12083.277043 4922.949077 -14732.448069 -10385.124125 -14483.112425 4276.925681 -6864.801543 -13506.280155 20237.118505 -1739.098306 -3622.430195 11432.550674 -4465.911575 -5467.786002 13307.647581 -11439.302464 -7015.495341 -10186.845790 7533.326496 -5653.958272 -8256.134799 -7184.097477 -6891.693158 -59.795648 16428.218849 16476.583478 1693.223234 -3965.311471 4191.251717 3560.081362 -10616.392380 -10836.656528 -5553.321785 -12946.525146 10455.492740 -9983.092075 -12126.975096 -1418.943575 -8855.698107 -14560.649107 -5027.563244 -6244.811935 5730.912582 3467.254843 -3713.620906 -3409.090733 -2615.955765 -5350.383167 5140.364260 5718.262199
-16069.695347 -17407.135781 -11056.588880 -11749.470599 -9098.835193 4534.261285 20342.732218 -3925.586281 5958.429715 10226.214958 -4193.491167 -18160.919980 -428.376689 -9182.650614 -8792.849679 2694.577793 -23716.240252 -10407.516453 27352.923631 -14586.263540 -20943.323192 -2503.806637 4418.095169 -17364.916676 -9238.566796 -4963.391886 23603.191241 -7921.252713 15041.293011 6754.725474 45001.787318 15201.395024 199023.524581 -1386.928252 -13946.658032 -2747.866074 4237.165285 -3378.394700 8132.410710 -16090.725792 14056.046388 -9076.947005 -18079.099807 -23689.458493 -3417.879992 -3372.439487 -9003.432234 11874.030122 -9587.594734 -8911.089187 35764.637967 -11000.728397 4448.674297 17782.246505 -8291.781073 -14693.281640 -8346.367635 11473.237251 -14762.062264 -12657.141765 -3184.098236 -16038.372888 -10517.948608 39854.202969 33082.091903 -7406.389517 -4615.671725 -577.596383 2691.696871 -10489.316236 -10594.026445 -12587.803874 -14480.540284 2049.923548 -8136.968191 -15999.666221 -671.727089 -17207.517020 -23886.212928 -4579.853835 265.810918 7142.492708 -1139.291286 -11127.264909 1149.767922 -1134.297313 -12764.675293 30951.149357 -3818.742938
6560.301524 2441.650808 11230.870995 5623.901804 -2211.066485 -2647.407969 4389.067770 -6214.085114 9163.722088 -757.581053 1626.164342 -6311.295064 -9800.919722 -16295.342317 -1931.803106 -1103.964927 -12726.222002 -7134.773378 -2802.899790 6603.670995 -8567.093134 -11981.188161 -1922.810271 5192.479572 -17776.221010 11716.314694 6508.124495 -9223.726726 -6279.678416 -3833.522166 3365.430577 4719.531783 -1386.928252 192400.757806 -10252.259906 12934.615991 -6058.658894 -5671.522586 -2917.685282 -12279.322952 -5858.465986 -16440.886853 6144.736388 -12641.489722 4220.889189 -15447.216948 -18246.606830 2522.421652 12161.689797 3116.289272 -643.322365 -1932.344386 -9547.018399 5045.496898 -18149.732699 5096.287000 -15416.539103 3402.251038 5209.839123 7980.082442 -11014.868728 7540.292411 6550.474320 -1788.494685 -354.626540 11202.274214 -2258.482201 8853.505077 -1557.390775 -14793.294542 -14648.397612 7164.368207 -17806.510120 4911.671786 -17438.506193 -12227.110202 -0.482005 6845.817610 -12739.307375 -13380.595567 -10841.188559 3091.033752 2856.131291 5238.373717 -3918.575931 -2588.366762 4042.465447 -183.098030 12277.901925
