175743.367019 5949.758616 864.935339 2667.276070 -2045.132369 -8910.235686 -2182.867840 -8149.579639 -5486.478379 -10475.736765 -13318.529555 1282.681905 -3456.344024 2947.399131 -3066.765727 54366.235174 -16052.697782 -6479.761729 9450.454900 -2051.456526 -10682.395792 -14016.696301 -12135.204236 -16767.164850 -8535.119608 -18006.490120 2955.928562 3742.152260 -1336.500089 -9913.953205 -8212.093781 14004.854099 -1250.296134 -13879.245409 -9407.518565 11763.233436 2926.767929 5622.067747 -4504.817857 3295.352752 4520.832952 2932.718762 -12059.845217 -961.901482 -12766.538451 -11046.174863 -9389.668493 1663.548224 -8149.644844 11446.617069 11191.370650 -15059.929384 16676.543777 2860.083067 -1149.755624 -13028.263036 1096.532788 -1149.966591 -4603.363143 -7675.126746 11077.924462 -10182.725424 -947.119763 -9559.084883 10400.423574 3104.357412 -16432.784204 -13331.416063 -5234.275323 -5391.144595 3382.467889 -5988.283994 -3022.456861 12390.686617 -13020.411250 146.390020
5949.758616 176751.687176 -1661.943653 3673.473053 -527.931202 -10335.370061 -5508.533238 -15509.895560 -4572.009501 -15205.527515 -21943.750463 4015.268925 -6991.193271 55179.836589 11626.293232 10573.454322 -19249.339073 -10645.558050 3649.818675 -4679.708406 -14117.380085 -15306.217647 -12810.092160 -17834.906866 -8841.425508 -18809.460941 -475.089714 -8164.048777 -2276.690920 -13098.974196 -13481.451043 12756.668492 -7957.268265 -9161.667834 -15480.156754 18389.952464 55231.306649 -4175.471649 -10170.206529 7097.609718 -2468.434884 8604.038880 -13972.688193 5378.103958 -19247.299461 -13779.047873 -16131.359944 -2120.075158 -10553.495318 13651.476896 11425.454226 -18667.171427 19655.564665 17245.966796 -6541.208022 -17091.652921 6750.149890 -2652.115051 -5127.773724 -12241.349343 12286.411815 -13542.379503 -7720.571328 -4531.978104 12203.692711 55070.131600 -19805.272702 -18920.849476 -11487.201085 -9035.784807 8590.165817 -7502.308143 -9543.377973 6019.609578 -15275.390982 5174.159565
864.935339 -1661.943653 180329.715829 -3854.322239 -1595.746837 -2915.447276 3669.575619 -5932.662223 -3854.687385 -7290.346178 -8736.625537 -413.878258 -2656.906576 -10441.892057 -7067.576478 521.911178 -9094.624119 -2030.082603 -1121.465502 44848.779369 -5193.452634 -9260.380396 -7919.298417 -9781.808150 -5794.546627 -12617.681060 8156.944753 1554.909530 9457.728736 -13698.009863 4608.035046 -4225.058606 -4350.045374 -9740.497542 -5213.180470 -3285.543307 -10427.520820 -2208.856805 -3247.775034 5016.629943 5770.041689 -3314.444612 -8637.075541 -4903.619158 -8567.402017 -4627.036799 -6230.400691 -1517.981523 -5137.435684 -969.074504 -676.677521 -7079.042949 282.405015 1191.059925 50619.961163 -9095.939931 5701.638068 3422.627464 -5069.388946 -3328.997365 -2414.917991 -4855.094423 -4164.667036 -8948.408433 -4311.499053 -10313.736606 -10129.052465 -10265.629064 -8543.561782 -5262.448373 -5442.462923 -5360.685284 -664.209872 1978.137180 -7024.567460 4492.284185
2667.276070 3673.473053 -3854.322239 175672.101349 7987.335472 -11106.332454 -6009.736949 -3361.887527 -41.076392 -13263.202559 -9972.956754 1043.430738 -4314.281968 -4841.653846 -2591.755061 647.211066 -11195.226443 -5189.881589 -3627.451008 -3638.097391 -5965.102533 -5686.978018 -2027.228023 -9802.584278 -3386.270099 -13303.174593 2335.605664 -4614.463941 -4129.042473 -2084.919641 -5558.560762 7275.949984 -2269.505225 -6395.813463 -6207.339859 3434.569733 -4886.743159 8140.032119 -6234.758313 1251.517561 288.192563 116.097044 -10285.770760 28587.229561 -8069.035807 -5618.592643 -5624.212286 18488.106017 -3232.353615 7958.579270 3658.605427 -10944.121872 3108.110475 2148.544471 -1801.529511 -11462.927121 -340.297347 -3288.063608 -5560.939412 -5205.563543 3541.337693 -5246.555251 -2267.638454 -4577.565408 -400.170179 -4816.404636 -11998.264091 -8670.800297 -1002.797845 3007.207940 792.579955 -6970.191992 3036.949801 2453.388714 -8878.956689 509.667185
-2045.132369 -527.931202 -1595.746837 7987.335472 179539.018968 -4589.349328 -882.579983 -6508.626629 5186.062615 -5515.525449 -313.182116 6826.585240 3734.735944 -2374.205350 -1872.946471 -543.657705 -2308.794958 -1329.736209 -7816.384370 -3503.542452 -5641.328425 1253.220958 1974.578449 -8022.604413 -5154.886353 -9844.246583 -4499.717522 4711.462314 -3361.937646 -313.184954 94.316915 -9269.650373 3020.039160 1443.046198 -7732.983192 -10106.968425 -2244.269858 -2973.089520 -6657.931966 -6164.544356 -5517.094343 -2802.034172 -9045.060992 695.324864 -4180.712470 -5101.833478 -526.094055 1575.549732 -1732.437773 -8634.534310 -6782.779406 -716.215500 -6925.722785 -2547.580621 -5379.108037 -4332.893128 -2480.169146 -402.305675 4416.096943 -1699.620668 -9692.242279 -2805.042213 3201.890526 7144.541509 -11872.896104 -2367.317181 -2622.169907 -467.580532 5053.411377 2873.607989 -9325.924836 188.178256 5654.363137 -1618.448826 -5246.342597 -8034.520519
-8910.235686 -10335.370061 -2915.447276 -11106.332454 -4589.349328 167646.803126 6617.674603 13748.795255 -5695.437600 19560.282376 671.694838 -6250.919747 1912.272545 -16597.728224 -8773.620900 -9833.319292 233.845011 -518.079869 -10692.354302 -3304.244259 41714.562743 8637.311350 -127.525928 19082.753378 4790.877207 19233.128096 1808.381191 -10024.650513 3328.574331 -7735.636178 -1248.525306 -13016.409954 -14635.222139 4514.057722 -8537.290778 -14713.566034 -16682.997048 -2902.559255 1070.363124 -9388.002367 -4015.437572 -5117.535708 20594.225806 -11226.344652 3467.955859 17079.901495 -7362.680004 -10827.886176 8040.287352 -11580.540160 -12772.005598 -1586.396656 -11266.800051 -8671.851721 -2072.994204 11960.553185 -6299.533574 4270.602027 -877.744060 -5968.266783 -10348.017824 -6089.059124 -14816.627683 -2184.539018 -13173.470883 -16624.030294 179.168816 1218.546641 -1190.204065 -4409.996854 -12148.186308 2204.997575 498.329037 -10579.150937 14570.617043 -8912.437324
-2182.867840 -5508.533238 3669.575619 -6009.736949 -882.579983 6617.674603 172092.622368 4303.738541 -3352.264342 1392.874240 -7012.637232 -3377.144125 -1342.486702 -8895.568186 -5358.574751 -2464.403395 -10196.875582 -5043.536557 -2921.375676 -1344.398447 5482.111057 -2224.762642 -3995.396419 1416.784405 2286.273330 4213.157255 5918.768844 -8632.090780 3893.812002 -1511.713033 -6550.040402 -2468.882017 -11407.822435 -1602.710614 -12465.159110 -6446.749997 -8920.619936 3080.042971 491.908717 645.517771 1399.720217 -3863.647584 3509.723431 -2997.419282 -7054.818316 10640.541387 -12085.056247 -6332.221295 9232.221210 -4558.863207 -6880.772866 -8731.453794 54.024874 3592.480538 766.008238 -1171.979590 398.184190 20300.937463 -510.909175 -10916.231615 -2097.057396 -10154.506000 -11284.371836 -2598.520857 -5541.548999 -8666.400906 -11188.832037 -8358.601133 -1300.273453 -894.823742 -5103.769301 -3218.478551 1872.712893 -2653.040757 1683.441828 1327.670337
-8149.579639 -15509.895560 -5932.662223 -3361.887527 -6508.626629 13748.795255 4303.738541 172576.122154 -4805.778520 14639.493228 14688.665996 -6136.384853 -219.112342 -20570.759267 -11799.816719 -10238.542103 11594.181859 1786.671926 -12835.641220 -6469.441705 16652.029005 16210.807975 9227.310786 9929.976981 8578.716420 9614.248950 -2804.637793 -10157.985992 -5550.685082 -7098.377015 555.212069 -15101.735933 -11078.686630 9187.066494 -3198.327480 -15799.357569 -20719.839370 -2765.292554 1380.101322 -10556.453896 -9604.669159 -6761.483384 10651.922391 -9132.721706 13996.561422 17841.729178 -2299.906353 -7725.294713 12569.947900 -14662.661508 -16218.391231 8895.528587 -10994.882537 -8774.146682 -6042.681394 11330.660897 -10173.690796 1156.317915 -871.737326 -4832.438637 -9430.812460 -3220.385472 -11104.168494 -6972.765928 -15291.753528 -20489.062152 9537.467318 9719.382086 -1740.433310 -1851.405839 -12195.113731 1912.997377 1349.709716 -9507.771385 14905.831802 -11273.310204
-5486.478379 -4572.009501 -3854.687385 -41.076392 5186.062615 -5695.437600 -3352.264342 -4805.778520 180201.078814 -3342.471616 -6543.884348 7074.550531 -1131.007753 -10011.327266 -750.671570 -2496.184618 -8433.315113 -3809.509637 -4512.257029 -1168.880627 -4671.739739 -4511.421585 296.372668 -4838.624061 -3178.768147 -5506.784953 -1289.532659 -4794.961115 -1614.871832 12586.689450 -3390.632615 -1887.983459 -1363.630245 -3103.040330 -7875.455857 -9142.619801 -9980.151653 3155.528481 2617.099405 4552.595316 -562.650657 -112.903319 -7054.560586 3873.396730 -5784.712843 -5818.608097 -8105.181039 -1451.055746 -5218.855437 1583.508483 -6272.682327 -9607.805512 -4952.503317 -4066.848004 -763.535472 -6048.664627 3211.649745 -789.956038 7770.367948 -6972.100006 -2320.809051 -7353.427193 -1258.853762 8496.224728 -2731.988182 -9899.457561 -9133.226915 -6950.798055 11668.499074 11223.711324 -2702.517568 -4171.096993 -1438.548710 307.552416 -5710.741772 606.660804
-10475.736765 -15205.527515 -7290.346178 -13263.202559 -5515.525449 19560.282376 1392.874240 14639.493228 -3342.471616 171944.995400 466.348082 -6406.605244 5404.732309 -19716.604965 -12248.794834 -11089.647598 433.542786 2860.208158 -12647.095037 -7199.551295 22444.719176 14838.191687 9868.238975 34255.356242 7402.538826 37773.186836 -3388.439165 -13508.529614 -1971.704608 -3518.682823 -4591.141769 -13764.682328 -15775.598177 7437.481904 -3009.039660 -16199.334657 -19642.670260 -4883.472554 5896.230574 -14603.105495 -8786.499880 -11793.794730 38316.299330 -9706.070594 5677.526837 12846.328249 -4150.783204 -13806.502515 12055.130197 -15743.509495 -12002.906326 -1198.512092 -14177.270623 -10940.113403 -8635.366634 25811.681579 -7678.442564 -832.178854 233.462065 -6280.152000 -15163.140727 -5167.544744 -15715.880842 -3903.283844 -16061.990264 -19499.918798 -454.458586 225.054082 2410.985797 -3463.399999 -14534.423437 3285.095063 -385.750795 -10629.340293 22395.661042 -9906.899633
-13318.529555 -21943.750463 -8736.625537 -9972.956754 -313.182116 671.694838 -7012.637232 14688.665996 -6543.884348 466.348082 176039.073689 -5933.307412 -1916.940445 -19502.526821 -12336.855240 -14518.196003 53678.517700 1452.584762 -16087.317320 -9896.561593 -1736.690847 16931.379635 4024.641280 2550.854823 -4728.740143 327.870126 -10478.148467 -5039.169462 -6727.346050 -14318.292261 9629.158047 -18450.181987 -5688.306336 9351.608353 4405.506438 -20933.203514 -19537.531000 -11380.614290 -9191.661067 -14838.720166 -11294.416852 -10064.708363 -686.008926 -4718.402830 45619.162952 1434.664308 11208.809436 -9994.983313 -691.489886 -15367.604153 -19151.014792 54423.480259 -16646.350017 -13075.969524 -7789.352353 1739.176808 -13212.266676 -6699.226704 -8751.070613 6988.626630 -16098.033957 15987.690829 -5637.155295 -8205.580354 -20394.345476 -19419.330263 58921.321171 71702.180352 -6368.528452 -10084.183341 -18363.482191 -1473.449884 -4856.972500 -10076.530153 3002.045489 -15042.728706
1282.681905 4015.268925 -413.878258 1043.430738 6826.585240 -6250.919747 -3377.144125 -6136.384853 7074.550531 -6406.605244 -5933.307412 178146.190721 -2333.445542 2436.996043 -6476.108813 -1186.678577 -6665.867322 -2441.552566 -164.546668 -5394.696364 -8038.750518 -6846.020473 -4531.919257 -6881.985607 -8573.365943 -9753.384789 -4450.684295 5031.777543 -2026.326814 -5678.582458 -3278.643260 -1941.880081 6765.493300 -2874.246566 -4500.846471 -5963.489833 2526.319114 -346.633928 -5375.844650 -1241.129301 -1496.146569 -15.233522 -7445.550009 5330.125720 -9622.403837 -8311.592654 -1275.467421 5442.091720 -5102.993797 -2991.036793 2856.439125 -5875.522241 -4075.342097 -3686.602463 -6864.647607 -8166.991313 -5125.874596 -629.861096 3000.653940 -2163.447783 -3031.467086 -1263.721018 6657.419697 -1071.874670 -1834.501770 2447.123752 -8556.965762 -5908.445895 -1182.935106 4080.600307 -4487.703703 4670.530511 35.466462 -2095.488719 -8628.809398 -3274.248632
-3456.344024 -6991.193271 -2656.906576 -4314.281968 3734.735944 1912.272545 -1342.486702 -219.112342 -1131.007753 5404.732309 -1916.940445 -2333.445542 174966.789258 -9160.031733 -6796.718238 -7734.491979 -1725.048305 12667.450815 -6883.833427 -7509.651258 -1772.045307 4037.920983 473.639030 1159.235880 -6280.544313 2440.181181 -2976.928435 -652.690137 -3231.831463 -5193.868578 -3175.474626 -2695.273254 -3886.948898 530.743386 3465.263593 -11302.764445 -9271.024429 -5053.306931 -2352.672623 -9268.982967 -2171.267547 -2907.256095 4675.460912 -4704.042986 -57.203790 -738.714752 -1965.538291 -2968.418877 -820.445846 -7801.106821 -10004.194066 -5770.422884 -1418.864912 -9036.681908 -4960.855420 -467.516286 -8169.355856 -508.872994 -1964.835726 -827.447547 -9008.894510 114.715139 -3879.271349 -6236.102498 -10772.927076 -9221.187373 -1748.226063 -2532.257061 -1378.654040 -1486.566281 -11584.592354 45608.070531 7069.159538 -8671.120202 2945.206733 -6136.886397
2947.399131 55179.836589 -10441.892057 -4841.653846 -2374.205350 -16597.728224 -8895.568186 -20570.759267 -10011.327266 -19716.604965 -19502.526821 2436.996043 -9160.031733 191135.302215 72316.118700 -1087.379221 -21392.342702 -10746.842289 -5387.972272 -16516.215621 -17852.378237 -17245.028501 -7188.751907 -19844.520075 -15180.356335 -23670.140333 -14182.828431 -3311.043037 -12127.898603 -1175.517234 -15192.812272 -8468.020800 -3964.499058 -16070.159349 -15079.840653 -2313.102285 182124.658858 -12728.846270 -16235.475755 -3890.928748 -9176.186390 2794.690264 -16647.920617 4796.917680 -19475.536441 -18405.602295 -16698.430862 2661.116237 -14934.621511 -1070.194820 -2241.427443 -18141.841403 -318.540949 40726.610389 -15654.700980 -23268.585229 -7251.636534 -11348.591505 3229.046893 -13840.277946 -3285.365753 -14112.934340 -4053.319627 596.796829 -4650.923777 181444.732674 -19404.777329 -20593.144457 -16448.094448 -8644.528168 -3808.751566 -10654.692980 -8277.314077 -7323.633566 -19962.959617 -9730.490167
-3066.765727 11626.293232 -7067.576478 -2591.755061 -1872.946471 -8773.620900 -5358.574751 -11799.816719 -750.671570 -12248.794834 -12336.855240 -6476.108813 -6796.718238 72316.118700 200841.059365 -4944.389672 -16051.543232 -6703.035600 -8236.790130 -7396.132334 -9216.746594 -12975.603783 -4604.336658 -11465.687300 -11463.730100 -11024.853496 -9372.188238 -8127.385910 -5678.804464 16371.973650 -7125.630353 -6864.756156 1518.740774 -11523.911303 -8618.382931 -6436.135848 72288.910358 20415.779858 -4901.812404 -1531.512555 -5983.280986 -4441.998084 -12119.218585 5101.437536 -14798.585029 -10354.151663 -9971.691478 6700.339077 -7497.286838 -3750.792834 -7297.660918 -12866.811010 -5810.250762 1012.791118 -11554.080371 -12490.935760 -3276.875127 -8185.164860 3567.973287 -11527.621863 -5609.745587 -10061.788986 1839.949377 9550.380348 -8902.009423 72195.358253 -15808.626538 -14500.181433 -6823.200087 -1893.568646 -6971.237814 -7029.785659 -4074.815076 -2070.195578 -9669.066545 -6602.903531
54366.235174 10573.454322 521.911178 647.211066 -543.657705 -9833.319292 -2464.403395 -10238.542103 -2496.184618 -11089.647598 -14518.196003 -1186.678577 -7734.491979 -1087.379221 -4944.389672 174260.479838 -14525.524553 -6129.625824 13827.219573 -493.679981 -9146.469269 -12959.841003 -6065.057832 -17075.033302 -9488.915115 -16592.399104 2994.164885 4891.588510 222.084407 -11940.850766 -9214.598427 9877.424371 -1573.694485 -13670.955819 -10415.745882 13961.054743 -1304.564681 2431.117189 -5574.210213 4132.856232 6032.526522 5308.922137 -12012.128310 -2356.360435 -14677.792294 -11507.330844 -11482.037084 104.929054 -10521.440636 11387.524755 15183.512405 -14382.472409 15505.437958 -2573.994059 -2575.089036 -12598.039203 1353.689148 516.755216 -414.170965 -7917.281649 13324.399893 -13221.574995 -1299.782160 -6489.824326 13680.517318 -1119.493106 -15755.841693 -13062.614501 -5451.201993 -4158.955777 8341.511856 -7970.269127 1017.856512 12657.919021 -11918.990915 -1347.561342
-16052.697782 -19249.339073 -9094.624119 -11195.226443 -2308.794958 233.845011 -10196.875582 11594.181859 -8433.315113 433.542786 53678.517700 -6665.867322 -1725.048305 -21392.342702 -16051.543232 -14525.524553 178850.087700 -645.096687 -17835.668582 -10170.052589 -905.649817 15923.252398 5684.932796 -920.656261 -5074.858259 -1457.512561 -12412.108314 -9475.319980 -7471.609858 -14623.238609 5267.593792 -18953.462624 -9759.311523 7753.929875 -726.479475 -20386.854530 -21572.680713 -11515.802329 -10572.439761 -14028.892628 -11856.198306 -9508.434521 1274.493433 -6362.307638 44512.164607 847.180813 8159.395867 -11086.195125 -514.714346 -18100.500225 -20883.568165 84566.921288 -17087.306210 -13073.937703 -9282.411184 237.073051 -12890.394086 -10041.737747 -11673.354293 3021.210724 -15598.750797 13291.729157 -9658.871378 -9956.687340 -19324.846560 -21305.974596 119698.011986 60552.134606 -8116.045071 -6941.399147 -16801.753594 1358.006547 -7794.016388 -12035.734529 4353.478830 -15997.651593
-6479.761729 -10645.558050 -2030.082603 -5189.881589 -1329.736209 -518.079869 -5043.536557 1786.671926 -3809.509637 2860.208158 1452.584762 -2441.552566 12667.450815 -10746.842289 -6703.035600 -6129.625824 -645.096687 172310.038851 -7667.273831 -4077.914894 -891.066286 3066.551803 3682.345625 3450.079331 -510.388027 3759.802133 -3999.882826 2427.870555 609.299083 -11473.549854 -3296.155079 -6470.378582 430.194754 6937.469346 -3939.164296 -9890.626061 -10977.476787 -5425.479574 -846.505393 -4257.920678 -1482.514982 -2608.225137 2138.519379 -4527.574487 -1560.461489 -1847.035487 512.727365 -62.090264 611.738768 -6508.127262 -7781.540848 -4343.231561 -7089.019495 -6495.458684 -5653.428543 1323.946577 -3592.689304 -3175.382838 -1438.106091 -365.376148 -6883.624694 -1281.206085 582.116223 -2842.661260 -11599.073052 -10853.915373 562.816250 -984.074154 -1276.814454 996.321325 -8871.059414 14178.576913 7547.233466 -5239.337803 4938.049726 -5034.502849
9450.454900 3649.818675 -1121.465502 -3627.451008 -7816.384370 -10692.354302 -2921.375676 -12835.641220 -4512.257029 -12647.095037 -16087.317320 -164.546668 -6883.833427 -5387.972272 -8236.790130 13827.219573 -17835.668582 -7667.273831 175466.821794 -2734.025513 -11470.559239 -14996.757748 -13719.168394 -18059.884957 -12372.269045 -19885.911760 1101.388520 1139.310778 -2907.362220 -16995.950014 -9911.107104 22813.540129 -6713.346879 -15308.039648 -13910.303682 71099.914395 -5177.766740 -3539.763689 -9424.794831 1057.958509 1233.978325 -1571.141765 -12546.237245 -337.612012 -15081.065203 -10089.006764 -11763.222184 -770.814065 -12125.959976 15497.865336 41176.179528 -18321.140992 23025.533445 -1517.326437 -3031.609089 -17201.759836 -2073.887259 -1965.476919 -11884.677612 -8938.662456 40173.334408 -14462.028714 -6573.482633 -9999.104198 67150.929483 -5187.858108 -19221.958882 -15884.407968 -8557.344516 -9481.290822 45795.702124 -6381.934339 -5199.006120 7461.258879 -12953.067417 -2435.687433
-2051.456526 -4679.708406 44848.779369 -3638.097391 -3503.542452 -3304.244259 -1344.398447 -6469.441705 -1168.880627 -7199.551295 -9896.561593 -5394.696364 -7509.651258 -16516.215621 -7396.132334 -493.679981 -10170.052589 -4077.914894 -2734.025513 184491.444198 -4917.999910 -11428.427924 -8808.940999 -3373.056475 -1219.358023 -6569.090693 8556.452929 -1644.267913 7787.947505 -7703.377044 10029.300417 -2721.467128 -6421.215573 -8451.853937 -3306.317758 -2983.240174 -16685.540540 -376.534417 -1361.369849 6957.139171 2868.300238 -3058.557667 -9454.718425 -3743.581493 -8187.558727 -3539.888876 -5427.644267 -2557.262316 -5925.153428 243.878691 -1407.097545 -9611.554775 -1823.632274 1121.130494 57131.321051 -3725.227743 6631.237501 3840.784466 -9070.060390 -4415.126097 -1048.670737 -5378.690627 -6488.665257 -2137.060186 -3535.683218 -16405.140482 -10502.157989 -10695.048720 -3672.658084 -444.830019 -254.163607 -8499.292912 -6357.775771 798.490506 -8817.023813 6398.028521
-10682.395792 -14117.380085 -5193.452634 -5965.102533 -5641.328425 41714.562743 5482.111057 16652.029005 -4671.739739 22444.719176 -1736.690847 -8038.750518 -1772.045307 -17852.378237 -9216.746594 -9146.469269 -905.649817 -891.066286 -11470.559239 -4917.999910 170617.207926 8209.284070 5187.025961 16720.698440 11275.243075 22298.699637 3723.828194 -9741.145142 -1722.731076 -3609.874955 -2105.851090 -11600.733573 -16452.629752 4155.815101 -8081.105162 -14050.837491 -18088.066389 -1962.265511 6072.328259 -9417.247393 -5757.147885 -6572.967536 17904.926875 -8166.771634 639.177865 21180.105552 -8027.308892 -7372.748743 11337.889704 -10201.374601 -12017.139619 -3681.216309 -11399.127587 -7459.189757 -5885.785321 17696.400477 -6675.426580 2743.644759 -1320.900973 -6804.790704 -10921.942190 -9810.873324 -16531.998755 -3204.780892 -12194.145616 -17859.500434 -3179.022649 -1796.998703 -1480.554703 -2945.735389 -12310.407905 -1465.508635 1870.967775 -10544.723617 15627.886364 -8914.220295
-14016.696301 -15306.217647 -9260.380396 -5686.978018 1253.220958 8637.311350 -2224.762642 16210.807975 -4511.421585 14838.191687 16931.379635 -6846.020473 4037.920983 -17245.028501 -12975.603783 -12959.841003 15923.252398 3066.551803 -14996.757748 -11428.427924 8209.284070 177101.952260 16906.845877 11360.080121 5790.169100 15055.826177 -7819.747265 -9263.944632 -7307.068194 -6784.681499 1664.617588 -15550.752687 -9125.634679 18085.548123 24.437986 -19699.972623 -17427.874097 -8302.796951 -593.305903 -12264.362029 -9040.553919 -11236.412609 13194.238719 -5878.975463 19682.836038 6933.655151 -2228.487753 -9233.346056 6211.378876 -13233.301723 -18144.968287 14188.919440 -15581.485387 -9314.981915 -9441.883212 14494.673161 -12105.682558 -1859.005406 -2259.864590 -869.013907 -13216.403857 -1321.434170 -9058.813148 -5477.588134 -18624.991706 -17164.287498 15554.715258 15029.743412 -3337.195994 -1460.750597 -13071.817208 5519.720597 2849.145526 -9719.112343 17762.343707 -12040.133954
-12135.204236 -12810.092160 -7919.298417 -2027.228023 1974.578449 -127.525928 -3995.396419 9227.310786 296.372668 9868.238975 4024.641280 -4531.919257 473.639030 -7188.751907 -4604.336658 -6065.057832 5684.932796 3682.345625 -13719.168394 -8808.940999 5187.025961 16906.845877 177614.555363 4740.949512 3678.631755 6097.363095 -5904.625997 -8304.853541 -6655.485509 15912.007597 -5291.567405 -15683.001328 -5147.125063 5237.552877 -5033.964467 -14293.244316 -7329.165961 -6766.424791 -942.680343 -10721.368867 -8036.700986 -7960.121161 6995.625192 -1862.395382 3180.258305 1389.423608 -11453.991210 2810.823806 -4431.677056 -11500.553230 -13334.889022 4718.915290 -14396.623005 -11245.938266 -9967.685011 12890.958336 -10887.169903 -1948.395512 10681.289635 -6535.168269 -12109.291041 -6900.465964 -5189.625569 13468.929626 -14056.956154 -7175.426728 4403.889596 5228.397789 8474.903403 6116.399177 -14709.295893 3247.885723 4668.882167 -10068.770976 9810.229233 -8916.234376
-16767.164850 -17834.906866 -9781.808150 -9802.584278 -8022.604413 19082.753378 1416.784405 9929.976981 -4838.624061 34255.356242 2550.854823 -6881.985607 1159.235880 -19844.520075 -11465.687300 -17075.033302 -920.656261 3450.079331 -18059.884957 -3373.056475 16720.698440 11360.080121 4740.949512 175045.555270 9417.364392 44288.354737 1006.152806 -14864.430712 -4287.914099 1888.170259 -2653.318340 -12669.013497 -15942.782787 11672.038924 -5842.739867 -18776.967468 -19896.151605 -2545.224630 8673.212081 -12499.201728 -6907.578294 -11520.492562 30038.473635 -8538.592061 1764.940149 13599.278028 -7649.331878 -9585.651941 11566.797959 -15845.480081 -13350.450770 2760.919635 -16982.426035 -10685.971371 -4466.397199 32052.803695 -10720.405681 2363.466720 -4977.325544 -6053.112899 -15233.925968 -5685.483318 -16170.226027 1.935708 -18770.282264 -19779.169363 -453.156992 547.986245 6113.034757 1068.045528 -13135.543792 564.470666 1828.141709 -13590.924432 27848.996652 -4028.718865
-8535.119608 -8841.425508 -5794.546627 -3386.270099 -5154.886353 4790.877207 2286.273330 8578.716420 -3178.768147 7402.538826 -4728.740143 -8573.365943 -6280.544313 -15180.356335 -11463.730100 -9488.915115 -5074.858259 -510.388027 -12372.269045 -1219.358023 11275.243075 5790.169100 3678.631755 9417.364392 210886.396663 13571.394309 1699.799743 -10087.636165 -7064.347504 6254.917159 -6260.340383 -4657.776016 -13190.959663 4193.264079 -10030.872138 -13818.617120 -15004.280021 1660.751818 18005.594940 -4774.981547 -1343.595160 -5931.886927 9713.460543 -6582.340958 -5492.657445 11430.954255 -7509.713829 -8975.034957 5872.006081 -8738.267402 -11807.200259 -6757.175580 -9909.263170 -2361.060623 2095.669428 15259.268291 -1368.059893 1812.762881 1645.226717 -6356.267136 -8697.818022 -6238.734570 -13232.172037 -2991.966413 -12320.098709 -15060.207549 -4326.366661 -5987.733809 3638.359867 1334.197950 -6974.724368 -4179.237641 -3801.039983 -7434.903396 4340.933511 2416.106356
-18006.490120 -18809.460941 -12617.681060 -13303.174593 -9844.246583 19233.128096 4213.157255 9614.248950 -5506.784953 37773.186836 327.870126 -9753.384789 2440.181181 -23670.140333 -11024.853496 -16592.399104 -1457.512561 3759.802133 -19885.911760 -6569.090693 22298.699637 15055.826177 6097.363095 44288.354737 13571.394309 198790.261047 -3720.368541 -13452.602336 -4629.440326 2842.241817 -2683.146890 -13976.131954 -16608.560576 13879.697402 -3684.754751 -20791.227541 -23647.156348 -5269.207080 10259.063418 -12683.449465 -9232.669809 -10498.773140 34619.544994 -12438.463161 5061.894849 16607.125392 -3816.386810 -15953.469106 10555.094564 -17157.959230 -15483.714258 -2042.275218 -18479.251619 -12199.345152 -5049.505568 39343.386096 -9713.469928 -2215.498930 1381.410971 -5698.040662 -15086.202214 -3876.891714 -16518.635796 -1593.400727 -19983.008791 -23831.511761 -3261.439351 1156.695039 5685.123057 -2614.335093 -13694.951122 1098.409531 -1673.763528 -14209.398069 30935.222717 -6378.845874
2955.928562 -475.089714 8156.944753 2335.605664 -4499.717522 1808.381191 5918.768844 -2804.637793 -1289.532659 -3388.439165 -10478.148467 -4450.684295 -2976.928435 -14182.828431 -9372.188238 2994.164885 -12412.108314 -3999.882826 1101.388520 8556.452929 3723.828194 -7819.747265 -5904.625997 1006.152806 1699.799743 -3720.368541 188167.974605 -11256.766637 9583.637780 -8991.511655 -6520.030918 2879.709061 -14374.731676 -7537.036184 -12800.618578 1825.739919 -14106.148441 685.845220 -579.037449 5845.137784 5713.237014 -49.225099 -3274.602715 -4973.094939 -10405.140712 2414.015648 -15408.480468 2203.081916 837.777770 1150.512019 3515.457230 -11416.933177 3383.627807 3262.266469 11665.420686 -3742.959174 7163.357349 5529.670905 -4370.016105 -11630.057317 3067.210909 -14775.703871 -14330.119303 -2378.154385 2445.443346 -14196.263464 -13510.222902 -11418.217926 100.307153 -39.493052 1096.573955 -5502.487488 -4614.157463 927.550852 -1874.499494 8129.666770
3742.152260 -8164.048777 1554.909530 -4614.463941 4711.462314 -10024.650513 -8632.090780 -10157.985992 -4794.961115 -13508.529614 -5039.169462 5031.777543 -652.690137 -3311.043037 -8127.385910 4891.588510 -9475.319980 2427.870555 1139.310778 -1644.267913 -9741.145142 -9263.944632 -8304.853541 -14864.430712 -10087.636165 -13452.602336 -11256.766637 228149.635973 -7097.108134 -10269.250679 13637.617827 -1644.113030 22464.070546 -10103.468987 21079.768235 -414.941039 -3310.548430 -11185.792319 -12755.811701 -12033.549622 -3066.462646 -1196.057058 -13790.680738 -4584.861133 -5692.012825 -8455.520461 25195.788992 1632.062913 -9934.530006 529.426297 -1344.571614 -4420.541282 -3325.157794 -8466.990969 -3676.643692 -12709.429365 -6564.504164 -6164.929964 -7425.517309 22529.325416 -2706.653919 19231.250838 22490.888048 -7364.410809 -2239.241254 -3443.306158 -8671.396218 -4906.196752 -11544.737859 -10743.269138 -2424.770708 1593.859214 -4.685845 5669.385450 -10423.805311 -8478.695972
-1336.500089 -2276.690920 9457.728736 -4129.042473 -3361.937646 3328.574331 3893.812002 -5550.685082 -1614.871832 -1971.704608 -6727.346050 -2026.326814 -3231.831463 -12127.898603 -5678.804464 222.084407 -7471.609858 609.299083 -2907.362220 7787.947505 -1722.731076 -7307.068194 -6655.485509 -4287.914099 -7064.347504 -4629.440326 9583.637780 -7097.108134 199226.591201 -10006.572323 8090.779043 -276.800401 -9477.016204 -6675.808802 -8505.173105 -5091.048277 -12059.944653 -2447.408226 -563.155868 6067.943719 7808.594964 -1701.861467 -1080.260664 -2172.899988 -5402.212526 -3116.382735 -11480.766613 -1828.749212 1629.545623 -5120.290391 -914.898060 -7187.960693 -3418.281168 2768.097770 12300.805063 -5096.534572 6633.018082 2942.780314 -3876.145198 -9370.284115 618.820911 -8478.974185 -9486.902134 -3805.737984 -4526.352721 -12044.851306 -8742.952336 -6941.524145 -1662.701729 -800.810601 -1112.616307 -4836.574586 -4733.238560 36.694531 -3448.953839 3662.597590
-9913.953205 -13098.974196 -13698.009863 -2084.919641 -313.184954 -7735.636178 -1511.713033 -7098.377015 12586.689450 -3518.682823 -14318.292261 -5678.582458 -5193.868578 -1175.517234 16371.973650 -11940.850766 -14623.238609 -11473.549854 -16995.950014 -7703.377044 -3609.874955 -6784.681499 15912.007597 1888.170259 6254.917159 2842.241817 -8991.511655 -10269.250679 -10006.572323 276184.370843 -12803.916301 -10860.292348 1127.052982 -10437.466300 -14334.953874 -16065.123301 -487.237934 715.488261 8287.633787 -7167.402420 -7363.570121 4759.055645 -2214.562982 -7419.605600 -10582.056197 -5808.440068 -13769.855991 4040.029684 -6695.831477 -9348.894798 -11809.052487 -13344.962253 -6857.638872 -7878.016630 -4026.882933 3506.923994 -2704.259260 -4507.752458 32009.063348 -16511.211624 -10690.394871 -9854.263599 163.585035 37049.083399 -14820.277018 -1288.512048 -15262.648786 -15950.980911 35620.486892 27233.957986 -9691.407440 -5503.931091 2216.760204 -6757.711961 -8404.817566 193.008363
-8212.093781 -13481.451043 4608.035046 -5558.560762 94.316915 -1248.525306 -6550.040402 555.212069 -3390.632615 -4591.141769 9629.158047 -3278.643260 -3175.474626 -15192.812272 -7125.630353 -9214.598427 5267.593792 -3296.155079 -9911.107104 10029.300417 -2105.851090 1664.617588 -5291.567405 -2653.318340 -6260.340383 -2683.146890 -6520.030918 13637.617827 8090.779043 -12803.916301 224275.742260 -12766.410414 -1280.114203 245.177373 13342.883890 -10737.641880 -15223.821122 -6559.251584 -7704.482221 -5351.195511 -6963.009118 -6627.404076 -6015.667121 -4453.088390 10517.526401 -3750.664120 15127.615121 -1302.180541 -4107.584955 -8392.268654 -11866.183304 12290.819988 -9358.816704 -7880.535994 2161.690896 -3268.007272 -5614.355906 -3992.248163 -12060.784730 8776.440885 -8530.066418 13345.384618 -1180.245704 -8174.813142 -12376.672934 -15002.124818 5914.073878 8432.972237 -8335.145421 -9692.382974 -11329.671608 1901.126273 -1804.766028 2896.094475 -1742.051067 -6815.484816
14004.854099 12756.668492 -4225.058606 7275.949984 -9269.650373 -13016.409954 -2468.882017 -15101.735933 -1887.983459 -13764.682328 -18450.181987 -1941.880081 -2695.273254 -8468.020800 -6864.756156 9877.424371 -18953.462624 -6470.378582 22813.540129 -2721.467128 -11600.733573 -15550.752687 -15683.001328 -12669.013497 -4657.776016 -13976.131954 2879.709061 -1644.113030 -276.800401 -10860.292348 -12766.410414 194370.921041 -10826.396770 -15508.034229 -15345.724786 28051.061836 -8400.709054 -687.939685 -5870.874678 7117.160471 9545.424526 10818.969930 -12539.019121 1576.816405 -16834.335165 -12187.643319 -15863.898456 2794.977284 -9394.055963 29261.334374 23552.124490 -18166.751217 33547.872571 1085.961078 282.417269 -12745.187968 2560.236773 -5197.585025 -7043.160978 -12783.570224 23629.013251 -12809.743397 -10521.510313 -3122.079882 31397.198222 -8505.331320 -20212.893933 -19393.233864 -3738.731099 -2876.591163 30641.549053 -10296.602114 -6703.782918 10532.694050 -15208.249850 8394.606259
-1250.296134 -7957.268265 -4350.045374 -2269.505225 3020.039160 -14635.222139 -11407.822435 -11078.686630 -1363.630245 -15775.598177 -5688.306336 6765.493300 -3886.948898 -3964.499058 1518.740774 -1573.694485 -9759.311523 430.194754 -6713.346879 -6421.215573 -16452.629752 -9125.634679 -5147.125063 -15942.782787 -13190.959663 -16608.560576 -14374.731676 22464.070546 -9477.016204 1127.052982 -1280.114203 -10826.396770 207666.917075 -4583.545655 7108.702092 -7205.668016 -3994.370960 -10332.301936 -4932.946816 -1650.040801 -4517.784771 -508.477897 -14622.298783 -3222.781911 -7558.112089 -14805.238700 9281.486006 6814.639323 -10962.950807 -8674.655094 -7400.209960 -9569.705658 -5334.042844 -8925.219635 -7849.446835 -15553.717633 -4114.844516 -10780.057485 -5010.734174 8451.725341 -8715.508867 4918.787756 198197.995390 -4334.479437 -9852.624416 -4058.318918 -10670.682718 -5501.125644 -6656.640427 -6007.060194 -12310.649778 -1839.416665 1197.080331 -339.133561 -13151.540614 -2895.241867
-13879.245409 -9161.667834 -9740.497542 -6395.813463 1443.046198 4514.057722 -1602.710614 9187.066494 -3103.040330 7437.481904 9351.608353 -2874.246566 530.743386 -16070.159349 -11523.911303 -13670.955819 7753.929875 6937.469346 -15308.039648 -8451.853937 4155.815101 18085.548123 5237.552877 11672.038924 4193.264079 13879.697402 -7537.036184 -10103.468987 -6675.808802 -10437.466300 245.177373 -15508.034229 -4583.545655 197241.295886 1336.029303 -19513.625727 -16206.046670 -4737.095439 1147.184932 -9390.232389 -6850.017927 -6554.066672 11839.219343 -2260.872330 10070.479873 5222.027233 2039.560950 -8734.417784 6284.690253 -14389.700237 -14975.081743 8304.506762 -13453.608816 -7047.755490 -8935.815274 15078.131446 -9916.779413 348.466842 -4745.863891 547.198220 -13150.486201 4645.232170 -4901.471236 -4458.619859 -19576.883676 -16073.855082 10709.958969 6558.129500 -3454.482830 -4896.118669 -13615.846794 9675.231916 3107.299707 -7817.636414 11894.094668 -8389.352596
-9407.518565 -15480.156754 -5213.180470 -6207.339859 -7732.983192 -8537.290778 -12465.159110 -3198.327480 -7875.455857 -3009.039660 4405.506438 -4500.846471 3465.263593 -15079.840653 -8618.382931 -10415.745882 -726.479475 -3939.164296 -13910.303682 -3306.317758 -8081.105162 24.437986 -5033.964467 -5842.739867 -10030.872138 -3684.754751 -12800.618578 21079.768235 -8505.173105 -14334.953874 13342.883890 -15345.724786 7108.702092 1336.029303 220685.140066 -12456.330403 -15124.431871 -7085.516724 -10522.318171 -14323.658893 -10309.011342 -7522.170094 -6984.455974 -3569.947157 6621.540198 -4983.916357 75662.997231 -2861.469575 -4922.456475 -10189.456637 -13990.588943 705.580401 -12750.084915 -14626.780058 -6648.310785 -5118.235490 -8746.736929 -13775.110588 -10737.257580 93239.601036 -13492.713438 62235.623421 6994.166621 -5488.203126 -14397.965143 -14986.567469 1580.540126 4527.787121 -9727.512730 -13959.627955 -13420.087027 -1136.238424 -1106.930276 -2554.910081 -2024.328577 -10188.798949
11763.233436 18389.952464 -3285.543307 3434.569733 -10106.968425 -14713.566034 -6446.749997 -15799.357569 -9142.619801 -16199.334657 -20933.203514 -5963.489833 -11302.764445 -2313.102285 -6436.135848 13961.054743 -20386.854530 -9890.626061 71099.914395 -2983.240174 -14050.837491 -19699.972623 -14293.244316 -18776.967468 -13818.617120 -20791.227541 1825.739919 -414.941039 -5091.048277 -16065.123301 -10737.641880 28051.061836 -7205.668016 -19513.625727 -12456.330403 189956.242766 -2018.816601 -4746.142717 -10396.672506 2046.960326 -327.364069 3423.107806 -15698.818237 -2992.557902 -18004.128422 -11592.512170 -13138.277746 -250.205131 -12341.878361 25836.262828 46975.529833 -20319.701152 25897.281355 -2158.416116 -3860.957418 -17894.227404 2033.624117 -8052.660834 -11584.692594 -9215.031640 21217.576136 -13730.884138 -7155.917819 -7666.271845 91012.645223 -2406.432302 -21054.072785 -19307.292640 -11470.177844 -9874.772661 55107.088329 -12916.322394 -11566.261478 10412.276346 -17265.710010 5381.857029
2926.767929 55231.306649 -10427.520820 -4886.743159 -2244.269858 -16682.997048 -8920.619936 -20719.839370 -9980.151653 -19642.670260 -19537.531000 2526.319114 -9271.024429 182124.658858 72288.910358 -1304.564681 -21572.680713 -10977.476787 -5177.766740 -16685.540540 -18088.066389 -17427.874097 -7329.165961 -19896.151605 -15004.280021 -23647.156348 -14106.148441 -3310.548430 -12059.944653 -487.237934 -15223.821122 -8400.709054 -3994.370960 -16206.046670 -15124.431871 -2018.816601 191698.715619 -12715.448443 -16073.052714 -4088.731681 -9189.915490 2800.618549 -16608.379692 4463.485757 -19730.436335 -18308.806816 -16607.765378 2643.365543 -15000.649758 -992.474918 -2122.872788 -18310.794877 -161.493900 40710.838911 -15740.337587 -23502.610392 -7243.724760 -11508.310164 3168.985988 -13938.028585 -3124.617981 -14194.519375 -4032.175063 936.002248 -4462.826710 181710.375362 -19649.217794 -20794.155897 -16206.789412 -8576.223481 -3726.665141 -10810.394061 -8430.451018 -7542.438387 -19863.863983 -9616.011151
5622.067747 -4175.471649 -2208.856805 8140.032119 -2973.089520 -2902.559255 3080.042971 -2765.292554 3155.528481 -4883.472554 -11380.614290 -346.633928 -5053.306931 -12728.846270 20415.779858 2431.117189 -11515.802329 -5425.479574 -3539.763689 -376.534417 -1962.265511 -8302.796951 -6766.424791 -2545.224630 1660.751818 -5269.207080 685.845220 -11185.792319 -2447.408226 715.488261 -6559.251584 -687.939685 -10332.301936 -4737.095439 -7085.516724 -4746.142717 -12715.448443 201911.381278 1819.124374 5568.619095 3438.245746 921.110879 -3439.997899 1750.260036 -14051.590378 -357.204262 -10492.096397 8582.934596 971.635580 1394.892169 512.104935 -11557.982416 -790.950728 -2211.157683 -543.431873 -1825.036930 4754.588948 8011.592615 -1046.150227 -9480.228180 -3241.624102 -10949.934616 -10611.738927 4051.006136 -4452.922510 -12822.735816 -12659.411742 -12050.723946 -1713.876273 1544.893116 -2397.764904 -2930.739946 -5704.420157 -2221.620552 -2170.731710 4203.568808
-4504.817857 -10170.206529 -3247.775034 -6234.758313 -6657.931966 1070.363124 491.908717 1380.101322 2617.099405 5896.230574 -9191.661067 -5375.844650 -2352.672623 -16235.475755 -4901.812404 -5574.210213 -10572.439761 -846.505393 -9424.794831 -1361.369849 6072.328259 -593.305903 -942.680343 8673.212081 18005.594940 10259.063418 -579.037449 -12755.811701 -563.155868 8287.633787 -7704.482221 -5870.874678 -4932.946816 1147.184932 -10522.318171 -10396.672506 -16073.052714 1819.124374 204670.355272 1336.702810 87.848954 -921.826837 4562.779976 -4335.694604 -7197.398706 1150.626797 -8450.825754 -3308.123190 3446.783712 -8558.560736 -5332.438612 -10266.046942 -8453.160006 -4077.933074 -1595.532838 9465.550424 1568.844493 1163.082426 5046.901110 -11297.594112 -9447.266870 -11502.263202 -5046.639307 4756.501231 -7204.037779 -16292.846195 -10114.134625 -9877.907857 9956.731006 7222.785343 -5552.477220 -4035.761500 723.002156 -7230.605283 -209.615666 7016.964891
3295.352752 7097.609718 5016.629943 1251.517561 -6164.544356 -9388.002367 645.517771 -10556.453896 4552.595316 -14603.105495 -14838.720166 -1241.129301 -9268.982967 -3890.928748 -1531.512555 4132.856232 -14028.892628 -4257.920678 1057.958509 6957.139171 -9417.247393 -12264.362029 -10721.368867 -12499.201728 -4774.981547 -12683.449465 5845.137784 -12033.549622 6067.943719 -7167.402420 -5351.195511 7117.160471 -1650.040801 -9390.232389 -14323.658893 2046.960326 -4088.731681 5568.619095 1336.702810 191245.688720 7902.662937 5529.379417 -13061.769920 3925.606979 -12725.682464 -9107.354279 -15340.383615 -997.188340 -6168.667981 9447.081327 4197.183174 -14780.966142 7541.283077 9928.059230 10172.734613 -10641.732540 21475.512710 4381.540290 2262.795235 -7098.490009 13274.295535 -14631.666971 -1572.381953 -3193.858317 2647.870470 -4068.537802 -15956.721504 -14240.808184 -4485.716105 -1432.731374 4421.610527 -10076.552880 -8543.317333 1249.997735 -11337.940253 24005.080314
