178887.267713 8317.576182 3300.420709 5354.544203 -411.587698 -4996.867400 -7464.916652 -581.677253 196.030770 -7056.299272 3380.033501 -9344.477532 -13497.213934 2983.035891 4248.885128 -10554.446719 57573.673129 -224.974249 -16585.957081 -5091.306640 12919.270822 -10983.502456 452.600333 -9078.151740 -4392.626484 -13389.624833 -10922.719553 -15749.125077 -6601.344373 -16974.963622 6198.176464 4313.013428 1327.452696 -7414.600604 -7934.628647 -8251.648546 339.811823 -13188.051172 15368.748404 4228.396799 8890.364634 -19573.681813 -11253.922258 -2198.806114 3095.749333 5619.315726 -10840.963923 1688.862404 -12709.008743 -9309.367171 -11932.713347 4075.039348 -13098.894456 -6525.330423 14957.341649 14875.759049 -15681.500453 20270.035860 5379.555757 -12329.537716 -13859.041381 -1215.826445 1269.334733 -2430.273286 -10215.549745 -9938.947183 14582.664845 -9942.443060 539.895808 -12870.697957 649.479884 -7610.048940 14143.990302 4391.965315 -17304.253044 -13630.584701 -3022.278495 -3111.081176 6792.866631 -4687.202015 -1580.669022 15003.729068 -12323.253044 4271.699110
8317.576182 178379.762620 131.451129 5809.335102 535.823079 -6940.367393 -9454.925344 -810.456213 -3726.794282 -14973.259953 35746.271315 -14583.327775 -22596.645334 5127.985267 55566.831113 -16157.160085 13019.901202 86240.174882 -20377.904517 -9743.002646 6504.482185 -22668.744162 -2670.655266 -13075.584084 -4344.795727 -15234.779110 -12127.464159 -17461.183804 -7397.810277 -18258.738700 2138.381644 -8185.255878 -225.751252 -11377.016204 -13720.386120 -12422.257933 -7002.322533 -9056.919774 21507.844476 55626.792511 -1525.798760 -23219.027221 -23471.693151 -8416.413044 -2818.000259 10694.679190 -13278.360102 7440.481717 -19724.013446 -12610.484998 -19078.834178 -272.995858 -16654.414483 -9396.350718 16678.781607 14569.759922 -19854.542710 22629.786828 19117.809680 -16889.990978 -17673.321958 -8125.619725 -846.720232 -3523.651470 -15124.316762 -15074.758467 15200.253136 -18285.766682 -4289.425280 -16671.190766 -6754.951133 -3296.900321 15504.554117 55454.491627 -21185.910317 -19725.818545 -9844.201193 -7266.368506 11408.764178 -6930.497731 -8665.695815 8115.753355 -15139.805129 8761.620397
3300.420709 131.451129 182512.682120 -1651.553382 -308.432833 -4210.418234 -1824.351879 -4224.705530 5607.702777 -5213.825990 -8520.997169 -6459.861939 -9294.202749 1060.969271 -9566.095094 -7376.762900 2930.228462 -10241.934065 -10039.019936 -1040.230459 1778.913597 -11210.819678 47048.691409 -3989.250581 -5043.844782 -9041.329270 -7081.160993 -9126.440734 -4152.593201 -11928.708435 10927.763970 1701.636369 11711.202730 -11752.464841 4530.635726 -8783.105557 -3160.377950 -9309.348204 -213.286491 -9545.615376 616.673668 -13311.763085 -11392.338904 -1343.005518 64906.044056 -1104.840927 -7818.248950 -2695.259382 -8908.620325 -3307.082293 -9020.161648 456.168390 -7111.126686 -3931.778959 2106.688206 2523.638145 -8124.587294 3340.631164 3325.213443 -8815.735557 -5779.448608 6710.027912 5391.183915 -3238.289569 -6166.405908 -6122.661989 562.269577 -8975.389139 717.396741 -7765.900744 -2967.023476 -7456.572222 -1108.372207 -9433.549856 -11407.109807 -10934.313902 -6756.029886 -3387.103194 -2588.556557 -4527.088575 338.701248 4060.323385 -6758.689001 8270.534300
5354.544203 5809.335102 -1651.553382 178155.502040 9349.481241 -2118.132432 -9884.655504 -7268.609978 -3885.224216 -2553.891537 6040.160573 -12364.918140 -10494.064060 2489.590212 -3919.379681 -8589.184674 3338.816951 -309.754884 -12117.472354 -4053.491739 -532.055603 -12789.379387 -1378.773077 -4651.504281 -7315.536056 -5429.918964 -1153.676923 -9181.290713 -1673.541607 -12577.243076 5397.747960 -4324.183118 -1630.221889 -30.560109 -5530.287038 1003.156905 -921.615722 -6039.134595 6776.909645 -3963.339572 11201.996589 -13865.893523 -12884.764827 -4263.697466 -1402.582493 2427.344611 -9327.218404 30957.312528 -8334.425762 -4220.078576 -8414.363009 20686.335561 -7951.125585 -1879.130844 11179.924679 7083.712020 -11927.785867 6364.226035 4461.310844 -11082.743040 -10296.110663 -3990.151703 -1109.967815 -3689.050063 -7927.661011 -7628.396054 6760.640677 -8265.645761 -1005.499039 -8200.888594 -913.991654 -3010.363087 3036.223437 -3901.432242 -13191.723677 -9304.471465 913.959416 4981.010932 3882.840380 -6003.706725 4116.961567 4691.443136 -8558.698857 4423.674875
-411.587698 535.823079 -308.432833 9349.481241 179650.795601 -315.698611 -4247.271254 174.952138 377.376878 -6571.316794 3304.641556 -5537.777180 -1764.363461 7460.893677 -2388.803378 -4537.362187 1206.406739 -3733.867866 -4118.394083 -1096.800694 -5741.449871 -8487.492225 -2156.549559 -5246.498741 -1560.392319 547.963904 2127.056623 -8186.487495 -4304.850222 -9987.515317 -2466.371702 3979.873254 -1790.884439 867.122131 -833.100905 4636.112052 3444.294284 949.969943 -7832.898829 -2256.079469 -910.800964 -4046.227160 -8345.205255 -5547.159216 -2880.698501 -1388.161586 -8992.010308 2068.070662 -5430.492518 -4540.940896 -4260.450084 2773.904018 -6478.804298 -1225.055883 -6355.240081 -4409.751222 -2670.476298 -4742.312652 -1273.310470 -4778.421587 -5789.306864 -4536.322635 945.178548 5428.939202 -5432.118655 -5308.406636 -7589.840953 -6882.239585 -4207.787878 -6735.465857 3626.566505 7885.008885 -9464.134256 -2384.293325 -4741.399280 -2043.081871 6096.802607 4025.252062 -7264.830555 229.137005 5921.053827 -239.275932 -5705.016886 -5131.389145
-4996.867400 -6940.367393 -4210.418234 -2118.132432 -315.698611 172889.009261 2225.974375 9750.198480 -1480.690811 3705.959353 -7584.594842 4567.214838 436.986660 -5168.002058 -10681.095804 10166.964873 -5900.162690 -12278.975151 -1838.125715 12269.298188 -8350.260984 3613.469316 -6433.680443 2074.080190 3869.884574 3589.722416 4952.403088 5249.907678 -4969.914697 3598.086938 -3051.619004 -4267.357926 -4951.676366 760.011572 -1842.677017 -1414.976060 -2300.229459 9508.034235 -11819.784917 -10820.014217 -2374.430657 -553.680816 3751.174224 -4401.096764 -9164.669497 -3428.270509 2285.930722 -450.191517 -27.296540 -3898.383909 2007.228543 -2538.290361 -1872.778828 -2127.450085 -7991.873322 -12263.479389 -445.118489 -10379.601988 -8848.055562 4020.613403 4307.670283 -3443.213183 -2043.196308 -3896.471141 -5436.242041 -5513.354761 -7415.742452 -1513.922084 -3416.905227 -1956.922790 -2363.956364 -3490.407916 -14061.662871 -10679.852204 -4167.082532 -1744.069015 -3345.802470 -3133.300157 -9342.704938 8848.259842 8184.410290 -5506.104147 7344.382701 -7005.972974
-7464.916652 -9454.925344 -1824.351879 -9884.655504 -4247.271254 2225.974375 167299.069946 -2438.285431 7565.913224 13410.942967 -12185.765313 19333.579590 -903.611372 -5813.543377 -16641.006725 9771.127553 -8364.471953 -15442.339286 -1745.493216 -358.358906 -8833.346119 -8686.096601 -2152.103402 41831.087922 -5273.646998 7805.484896 -271.875801 18665.748355 5427.135017 18896.556946 3555.099572 -10714.679439 4677.982135 -6809.736498 -2312.454607 -520.211979 -14341.439429 3885.313504 -12719.016605 -16735.074235 -1132.715973 -2047.865101 -8394.950473 1962.959103 -1562.060032 -3841.395340 20421.173892 -10027.727893 2054.600376 17371.815892 -10980.574671 -9819.082159 -8918.621003 8302.233217 -9619.961968 -10635.528011 -3627.656341 -9237.736747 -7575.568994 11298.702926 11964.231222 -4880.847571 5313.068752 -102.998058 -9560.806128 -9779.958628 -8446.862459 -12106.027008 -4832.992230 -9896.593658 -14512.546616 -1714.980263 -11046.943197 -16685.733572 -2076.579627 -478.415026 -364.691450 -3533.013069 -10344.070452 2174.505892 584.828518 -9450.446708 13858.539761 -6283.047207
-581.677253 -810.456213 -4224.705530 -7268.609978 174.952138 9750.198480 -2438.285431 174331.389175 -2491.526281 -4336.523698 849.829460 -5676.205444 -5783.392333 368.358552 -7956.963043 -2741.119797 -3556.019688 -5739.767262 -6857.934955 -1037.200563 -7386.080098 6845.375439 -5478.821435 -4889.273746 104960.574827 -3595.439698 -6878.192696 -5295.179609 -13297.993360 -4547.490186 -6325.419089 2552.715857 -7046.110791 -7057.360034 -393.655311 -10002.060978 7141.054729 -2928.440037 -7733.575076 -7914.170654 -4866.342801 -8067.309617 7049.271668 -7174.311749 -7284.887291 -889.493171 -4184.551392 -9629.074626 -6606.963888 -6983.821655 1639.909726 -4992.027234 1535.306828 -5168.647359 -7865.000998 -9169.820201 -6878.990685 -516.383330 -8775.390641 -3291.083666 -3593.528291 -5257.897653 -5396.728706 2178.989117 7519.776278 7534.850986 -8757.740347 1441.197169 -3609.781741 1557.554073 7267.358033 -1125.382277 -7657.410127 -7905.617025 -7799.898663 -6186.040748 -6159.836703 -4588.006993 -9983.711166 8846.183388 1775.694254 -6535.080898 -3101.756839 -3048.371430
196.030770 -3726.794282 5607.702777 -3885.224216 377.376878 -1480.690811 7565.913224 -2491.526281 174085.056348 4840.063221 -4449.548237 1999.924374 -7701.463331 -1941.099831 -8167.107290 -689.345028 -77.574927 -7000.181878 -11292.119435 -4120.511111 -82.939436 -11852.794193 750.448715 6570.794361 -5124.838020 -2178.416710 -3214.802869 1837.262618 3777.597496 4793.371459 8659.593605 -8373.200088 6061.732915 407.877946 -6688.994153 -2141.466496 -10188.344568 -1335.417724 -3360.725975 -8195.875142 5721.770131 -11837.526214 -11953.182635 2248.136314 3362.069935 -1674.744906 4237.848812 -923.596418 -7508.565130 11852.325142 -14893.967187 -4484.967594 -13921.299222 10387.107258 -1650.238558 -3860.068924 -9919.681959 3007.871269 5612.397782 -1039.847007 1205.426188 -4156.066339 22287.901849 1227.538315 -13679.527033 -13615.468139 741.296332 -15079.867184 1189.174952 -13047.815716 -10056.369406 -1143.309070 -2379.162078 -7958.495500 -12552.906563 -9108.451872 441.386093 854.545656 -2259.043612 -2485.446510 2884.132435 -576.027592 1768.369079 4966.600158
-7056.299272 -14973.259953 -5213.825990 -2553.891537 -6571.316794 3705.959353 13410.942967 -4336.523698 4840.063221 171164.819362 -14234.586532 13935.907547 12582.052901 -6045.240182 -21011.169813 13350.210897 -9152.317735 -18618.477016 9089.815094 1410.192447 -11293.967951 -7854.151745 -5694.354965 16423.026608 -6591.897838 15010.782461 8752.748425 9066.583490 8745.545655 8845.413413 -1507.152296 -11232.839628 -4696.369146 -6579.183701 -921.993621 435.408012 -11139.011633 8111.648019 -14086.572298 -21164.565712 -1390.403869 9005.771433 -7976.218042 1820.906917 -4281.479442 -5887.941993 10085.139245 -8306.889947 12058.910395 17765.814782 -6456.126243 -7104.721523 -5730.283358 12350.169112 -13070.846251 -14473.699603 6356.486590 -9423.818761 -8056.713515 10274.380686 7659.299525 -2668.380022 1773.205219 -421.547366 -8927.820250 -8858.634820 -7875.858289 -8497.433945 -5532.290495 -7454.528367 -11158.641682 -6810.745970 -13498.652128 -20937.013014 6761.755136 7563.875936 -1300.975552 -1398.451713 -10697.310209 1367.203472 1068.227013 -8822.589021 13777.556939 -9020.837828
3380.033501 35746.271315 -8520.997169 6040.160573 3304.641556 -7584.594842 -12185.765313 849.829460 -4449.548237 -14234.586532 182937.954780 -16612.259635 -17251.092244 2659.990795 88144.434972 -17356.798112 114.754769 73377.476049 -18122.490872 -9000.200503 -4371.161585 -16481.384247 -9823.730818 -14920.901210 -1400.968464 -13951.906782 -4569.785477 -17659.260938 -12914.025077 -18754.088086 -6338.557843 -3823.466262 -7623.322588 3510.806225 -12045.905614 -8633.730665 914.815337 -10810.314130 2446.388816 88111.787146 -4767.225478 -18745.601036 -16603.495034 -10322.458780 -7117.909322 4250.189309 -16069.635138 11332.577032 -16342.763519 -14720.721870 -13814.274994 8235.411667 -14763.318677 -13945.717459 19.330920 -1359.970050 -17553.264044 4652.140710 20842.652609 -17413.058669 -16132.147520 -8784.143125 -3879.562798 7868.091504 -14161.362274 -14017.864000 -1238.986899 -14312.694859 -7692.959686 -13553.413481 958.249490 7209.254774 -346.324256 87655.133528 -18226.581463 -19012.003163 -6519.048143 -6166.817958 305.043729 -6704.368940 -71.731226 -1888.654433 -15934.271889 -3244.227137
-9344.477532 -14583.327775 -6459.861939 -12364.918140 -5537.777180 4567.214838 19333.579590 -5676.205444 1999.924374 13935.907547 -16612.259635 170719.528115 -1402.327708 -6257.098527 -20150.301789 21792.879357 -9948.326771 -16884.600263 -1824.305868 2641.710473 -11088.005932 -8954.262052 -6448.824800 22288.681983 -7847.010435 13619.116958 9318.352566 33423.239968 7576.905420 36955.213012 -1984.956523 -14458.882599 -975.511126 -3004.121632 -5901.103245 2207.120746 -15757.640199 6530.742589 -14446.355670 -20076.647902 -3502.112425 -2152.708392 -8879.012009 6452.495260 -7078.080487 -10878.783482 37704.495037 -8863.302417 3979.396694 12788.981036 -8134.354928 -13123.974681 -9193.869727 11968.197802 -14073.414474 -10183.905828 -3540.349823 -12514.066825 -10190.361888 24675.758951 22878.103692 -5589.685256 -234.088283 666.164821 -10252.350721 -10238.946871 -13582.757626 -10065.489073 -2894.628300 -9253.623666 -15693.149460 -3797.536116 -14260.939777 -19943.891783 -2982.252494 -1760.810248 2818.610071 -2894.366474 -13047.312442 2804.470517 -615.822698 -9873.342774 21225.552997 -7593.942278
-13497.213934 -22596.645334 -9294.202749 -10494.064060 -1764.363461 436.986660 -903.611372 -5783.392333 -7701.463331 12582.052901 -17251.092244 -1402.327708 171088.201052 -7091.647507 -21184.654488 1366.887062 -14665.097436 -22515.857346 49199.577784 -156.164263 -15811.492807 9957.080003 -10445.836118 -3182.212725 -6128.926042 14346.363701 2276.350360 441.164892 -5800.724801 -1608.357054 -10401.513299 -7427.350981 -7125.503807 -15007.274742 6742.965626 -6777.190640 -7100.564274 6930.184564 -20531.041626 -21221.262892 -11312.312477 60290.900434 10269.463546 -9960.958146 -9145.871669 -10486.331233 -2463.968366 -5351.554795 41940.036625 115.773981 5444.080551 -10636.500427 8750.008104 -2126.640177 -14976.564640 -18609.274705 49812.408474 -16342.702718 -13637.421663 -642.235689 -1168.692384 764.738356 -7314.446425 -9570.740520 1270.792392 1153.713395 -15814.435988 6282.166570 -11216.792701 10051.407689 -7048.211011 -9366.952717 -19909.486652 -21109.582216 53985.940258 67417.708354 -7219.562220 -10884.630445 -18163.066203 -3277.236477 -6354.517998 -10579.611924 717.696503 -14073.297872
2983.035891 5127.985267 1060.969271 2489.590212 7460.893677 -5168.002058 -5813.543377 368.358552 -1941.099831 -6045.240182 2659.990795 -6257.098527 -7091.647507 178652.415231 2680.331647 -8381.827260 583.360213 2696.923868 -8272.060760 -2037.560410 2172.977829 -8672.023182 -3905.774261 -7406.467579 -57.445847 -7230.609711 -4248.256772 -6930.662744 -7586.437825 -9668.311986 -2253.811859 4530.165271 -316.544594 -4315.263520 -4046.147930 566.242239 7283.119831 -3223.093414 -3520.605969 2770.066116 1904.788278 -10160.571921 -9015.488001 -4049.975158 -4737.519909 1473.412294 -7223.081422 6846.175327 -10578.088889 -7564.181118 -4831.271978 6737.444580 -4663.583208 -4398.585592 -569.843586 5487.775424 -7570.532485 -1732.443998 -2109.586649 -8459.986756 -10922.303139 -4400.779501 786.816425 4195.266637 -5728.489680 -5649.737687 -663.107866 -6124.811149 7778.395462 -5009.889834 7186.635200 -247.806902 799.787972 2674.349224 -10433.479335 -7189.462977 59.694560 5285.536848 -2206.167341 4809.424661 387.789790 -637.542337 -8948.838113 -283.024955
4248.885128 55566.831113 -9566.095094 -3919.379681 -2388.803378 -10681.095804 -16641.006725 -7956.963043 -8167.107290 -21011.169813 88144.434972 -20150.301789 -21184.654488 2680.331647 190048.808856 -20484.161950 180.334372 133737.044394 -23503.766618 -10755.741785 -3606.813654 -18359.449671 -15545.924525 -17803.131897 -9313.457224 -18186.012225 -7482.854670 -20485.169744 -14848.056663 -24159.481299 -12631.372362 -4386.553208 -11136.490365 -478.713225 -16400.727381 -15200.105967 -3918.095094 -16937.420083 -455.103329 181057.887924 -11194.787557 -22966.288290 -18647.517281 -15560.488621 -12261.351602 3866.866065 -16991.882525 5818.059325 -20973.237375 -18216.895000 -20656.233625 3379.219810 -17654.165278 -14762.756322 804.922735 -193.994582 -20364.924269 1528.862780 41297.126723 -24104.157574 -18871.777307 -13158.229600 -10504.817434 3805.937666 -17808.346355 -17806.718008 -1481.139603 -17838.698454 -8946.617151 -18218.374051 -3995.119629 792.639605 -2583.443776 180370.748518 -21849.560874 -22376.611393 -15806.747659 -7924.447030 -2083.012945 -10967.117955 -8421.166708 -6369.558912 -20823.144926 -7200.431913
-10554.446719 -16157.160085 -7376.762900 -8589.184674 -4537.362187 10166.964873 9771.127553 -2741.119797 -689.345028 13350.210897 -17356.798112 21792.879357 1366.887062 -8381.827260 -20484.161950 175336.235952 -11250.673628 -18927.531268 -1603.405026 4619.907431 -11163.214617 -6712.272490 -6573.533119 11562.710548 -5583.468227 18519.020970 10457.256103 19245.641824 3492.640807 26125.937788 -3447.814941 -12707.422064 -2431.828173 -4566.868673 -2556.991209 8146.930758 -12469.904798 11475.225075 -15813.329776 -20644.437983 -477.836418 -2817.690520 -7297.937066 3337.693973 -5145.820593 -10836.404904 20716.527197 -6549.377053 3593.824751 9047.360668 -5849.632705 -10810.869212 -5629.387738 8933.434933 -12166.349003 -13599.825420 -2964.287987 -13364.191182 -11617.333506 22762.373329 18777.219585 -3923.762979 718.395037 -3399.806737 -6784.745303 -6889.401921 -11305.263786 -8994.551615 -930.687661 -6122.349601 -12360.892420 242.862653 -15367.080654 -20278.959220 -3308.848366 1125.840719 116.481950 -2991.386594 -12702.591730 5474.486395 2602.381426 -7048.284474 31337.761785 -9359.800326
57573.673129 13019.901202 2930.228462 3338.816951 1206.406739 -5900.162690 -8364.471953 -3556.019688 -77.574927 -9152.317735 114.754769 -9948.326771 -14665.097436 583.360213 180.334372 -11250.673628 177460.794644 3213.506198 -15075.853046 -4724.329315 17301.883930 -11656.406556 2050.740604 -7514.319917 -4658.034993 -12303.240219 -4813.781308 -16067.285466 -7550.096347 -15555.596727 6219.273683 5495.304454 2900.130669 -9498.521657 -8960.945016 -6949.098766 3.993802 -12869.940523 17589.810882 -35.692177 5681.864398 -17729.782923 -11969.454904 -3289.492475 879.934050 7918.922370 -10771.960459 310.155897 -14629.883621 -9823.572830 -13893.206532 2507.105226 -12804.788952 -8909.311568 14963.702319 18910.864399 -15028.059261 19178.652031 -2.137638 -11896.985840 -14040.256050 -2499.262308 2975.057715 1713.124564 -10371.549620 -10271.834401 16896.715153 -11986.056983 1287.368097 -15752.613460 279.660243 -4574.490331 17471.326490 141.687361 -16675.583223 -13354.856558 -3278.861697 -1871.242557 11715.745197 -6759.118925 2448.059735 15285.513338 -11188.500210 2772.276899
-224.974249 86240.174882 -10241.934065 -309.754884 -3733.867866 -12278.975151 -15442.339286 -5739.767262 -7000.181878 -18618.477016 73377.476049 -16884.600263 -22515.857346 2696.923868 133737.044394 -18927.531268 3213.506198 183650.363092 -22488.173347 -10994.292971 -3379.700723 -20994.315174 -14087.743010 -16051.571119 -7306.415088 -16473.462815 -6183.218674 -19423.516162 -11190.255460 -21603.300416 -8697.605650 -9497.649945 -8438.552571 -5245.340226 -17533.350510 -15096.825356 -7568.604378 -14952.616146 8285.742878 133884.019183 -7847.442296 -24271.845410 -21386.616867 -11538.818637 -12222.824917 5352.760498 -14983.136486 7005.698295 -21133.736600 -17543.777952 -21338.855198 -1370.956605 -17898.662280 -12542.203150 6178.970575 3993.686696 -22102.231774 10940.548484 39166.667081 -20622.646624 -17361.053477 -12497.693242 -9469.589370 4850.085358 -16779.300496 -16869.074264 6589.538191 -18690.136364 -7208.949890 -18923.393894 -7666.132624 3622.000155 5335.489676 133315.739253 -22195.401345 -22552.945576 -12953.360665 -7855.882626 3072.782137 -12262.244675 -8610.362948 -5429.167485 -19252.979399 -2003.023534
-16585.957081 -20377.904517 -10039.019936 -12117.472354 -4118.394083 -1838.125715 -1745.493216 -6857.934955 -11292.119435 9089.815094 -18122.490872 -1824.305868 49199.577784 -8272.060760 -23503.766618 -1603.405026 -15075.853046 -22488.173347 172688.457200 -2719.824918 -17929.217009 7977.870132 -11109.555512 -2710.882128 -6328.255023 12804.397509 3447.677016 -3422.232667 -6565.246859 -3846.745500 -12770.880692 -12251.099025 -8289.899482 -15854.053229 2000.614362 -8523.539435 -11537.628545 4858.924718 -20360.203808 -23684.110496 -11871.212815 105881.570954 8324.668749 -11809.928836 -10099.778131 -10370.190465 -945.797891 -7374.522130 40337.196988 -906.341491 2000.360822 -12207.686768 7221.560479 -2417.625542 -18094.923725 -20758.032821 79171.203287 -17179.740216 -14091.224412 -2525.833838 -4631.524129 -1776.460046 -11115.002374 -12876.309320 -2947.526426 -2824.354979 -15736.385264 4749.145636 -12362.318550 7034.223949 -11428.250665 -11471.805328 -19203.263620 -23426.926381 113600.582883 55884.935073 -9297.901877 -8153.899243 -17048.981586 -884.269428 -9763.898190 -12953.957836 1558.353024 -15509.410185
-5091.306640 -9743.002646 -1040.230459 -4053.491739 -1096.800694 12269.298188 -358.358906 -1037.200563 -4120.511111 1410.192447 -9000.200503 2641.710473 -156.164263 -2037.560410 -10755.741785 4619.907431 -4724.329315 -10994.292971 -2719.824918 171837.732706 -5797.339558 -4712.403899 -2936.129438 -665.553349 -3456.965345 2231.788245 3458.804959 3007.503460 18.279137 3472.234840 -2283.270484 1583.145611 1885.616096 -10558.510801 -4402.677973 -3233.300765 676.567997 6225.878416 -7830.182840 -10978.610172 -3690.669439 -3723.502768 -4449.437652 113.915676 -5117.851921 -1435.302302 2003.299823 -3387.262234 -2982.542576 -1540.152439 -3415.121631 850.872193 -5941.356827 830.762084 -4572.177822 -5626.715819 -6400.365762 -5053.590832 -5408.247453 592.588257 1338.370846 -2243.966907 -2201.665429 -560.715744 -4260.185491 -4151.794163 -5035.599042 -2674.226271 4644.053788 -5256.110373 831.808027 -2285.241898 -9432.062060 -10867.314654 -1808.807512 -2708.244994 -468.162437 1876.213790 -7091.141306 13934.109190 7576.997727 -4154.274590 4194.708247 -2398.587756
12919.270822 6504.482185 1778.913597 -532.055603 -5741.449871 -8350.260984 -8833.346119 -7386.080098 -82.939436 -11293.967951 -4371.161585 -11088.005932 -15811.492807 2172.977829 -3606.813654 -11163.214617 17301.883930 -3379.700723 -17929.217009 -5797.339558 179970.842428 -12893.670344 226.072550 -9422.107317 -5292.995956 -13954.781541 -12085.486419 -16634.745785 -9868.133404 -18426.100333 4683.735249 2233.600905 195.768150 -14125.233870 -9088.186881 -6463.045824 -4677.036386 -14137.013976 75538.078800 -3393.921542 259.838239 -21180.008998 -13124.684014 -6705.494812 -2392.324825 1648.015365 -10923.437833 2741.911663 -14580.422222 -7975.844607 -13684.845029 2036.776719 -14866.363363 -10086.422200 19574.058103 45509.771259 -18486.663552 27094.388812 1463.651358 -16054.203673 -15268.356497 -4984.844074 947.794102 -9254.416993 -10850.469950 -10728.221549 44279.384884 -16223.893509 -132.658502 -16514.594620 -4524.849704 -7611.225611 71622.137252 -3411.932652 -19624.247396 -15725.273107 -5885.613535 -6780.401737 49853.258379 -4731.796030 -3290.646856 10577.803937 -11855.784029 2155.030483
-10983.502456 -22668.744162 -11210.819678 -12789.379387 -8487.492225 3613.469316 -8686.096601 6845.375439 -11852.794193 -7854.151745 -16481.384247 -8954.262052 9957.080003 -8672.023182 -18359.449671 -6712.272490 -11656.406556 -20994.315174 7977.870132 -4712.403899 -12893.670344 209173.593750 -12241.029558 -13772.209900 11846.530247 -2258.984340 -8881.003394 -9476.365560 -13293.184960 -9554.899625 -17582.192650 17994.077779 -12927.849793 -17325.121161 4100.783139 -12862.105647 -1926.620456 -2337.131672 -18177.530726 -18369.862574 -17166.007402 13655.472200 189908.836988 -11427.541607 -12449.800829 -9306.107884 -12097.696552 -11322.478625 9849.589814 -10230.865268 37817.374586 -8660.208611 32275.731843 -9361.527556 -13726.884596 -18954.604851 10968.282261 -13148.155134 -15745.985872 -8620.010824 -8914.046004 -749.665542 -13385.665625 -17087.242898 37505.616191 37381.259514 -12364.651672 40118.892847 -11621.106808 37934.413802 -1778.532925 -14412.947317 -16760.031944 -17971.412881 12178.347260 11404.953091 -14896.465465 -14597.247203 -15606.466240 911.256572 -7253.182386 -5798.333597 -7055.056673 -15993.615906
452.600333 -2670.655266 47048.691409 -1378.773077 -2156.549559 -6433.680443 -2152.103402 -5478.821435 750.448715 -5694.354965 -9823.730818 -6448.824800 -10445.836118 -3905.774261 -15545.924525 -6573.533119 2050.740604 -14087.743010 -11109.555512 -2936.129438 226.072550 -12241.029558 186744.537212 -3601.292500 -5459.841032 -11163.773353 -7903.244624 -2747.802869 417.415863 -5854.253909 11461.831260 -1430.738187 10158.907038 -5632.678339 9805.802569 -4657.843105 -5061.846035 -7987.846261 225.029709 -15713.192126 2604.554218 -12859.597713 -12437.117481 567.092621 61444.459920 -751.606246 -8560.405588 -1493.529272 -8535.497319 -2157.338164 -8307.793616 -484.103847 -6983.736335 -4632.419647 3431.967539 1864.330816 -10653.797597 1275.428559 3351.627225 -3369.176169 379.359837 9684.881025 6019.091329 -7177.425596 -7228.491385 -6967.585272 2000.768725 -7593.122914 2987.949766 -8359.516711 -5112.955829 -546.110427 -270.255365 -15436.519057 -11763.213523 -11346.015455 -1790.328665 1460.148482 2743.139886 -7565.805696 -5257.146073 2990.859307 -8464.557493 10254.803585
-9078.151740 -13075.584084 -3989.250581 -4651.504281 -5246.498741 2074.080190 41831.087922 -4889.273746 6570.794361 16423.026608 -14920.901210 22288.681983 -3182.212725 -7406.467579 -17803.131897 11562.710548 -7514.319917 -16051.571119 -2710.882128 -665.553349 -9422.107317 -13772.209900 -3601.292500 170647.261270 -8285.322494 7513.866643 5161.876136 16410.298541 11957.865752 22077.175795 5632.828472 -10337.128817 -220.357517 -2567.062177 -2972.176057 2706.244134 -16001.523269 3694.586090 -11840.807157 -18042.974731 -61.530730 -5170.086047 -13703.541992 7100.050023 -3679.072602 -5232.270734 17824.115569 -6869.829148 -614.273537 21655.496877 -11444.462615 -6291.722495 -11960.621625 11680.201529 -8032.732031 -9720.956114 -5567.018977 -9266.726578 -6171.324636 17116.351847 17253.839308 -3620.293466 3949.348116 -453.068963 -10297.359276 -10451.796402 -8829.606853 -12106.453282 -4274.286238 -13398.833475 -16082.420580 -2615.958851 -9913.788495 -17814.963352 -5247.287628 -3332.751887 -575.814292 -1967.210132 -10312.174312 -1434.121789 2034.417754 -9289.800902 14983.693668 -6097.474068
-4392.626484 -4344.795727 -5043.844782 -7315.536056 -1560.392319 3869.884574 -5273.646998 104960.574827 -5124.838020 -6591.897838 -1400.968464 -7847.010435 -6128.926042 -57.445847 -9313.457224 -5583.468227 -4658.034993 -7306.415088 -6328.255023 -3456.965345 -5292.995956 11846.530247 -5459.841032 -8285.322494 176234.788793 -5450.315437 -7189.695234 -7684.429183 -12708.072641 -8464.647933 -9291.225413 7795.310443 -6588.479052 -7866.422632 2225.505235 -10171.871820 3984.583668 -2441.939117 -5329.553367 -9487.911233 -7100.022228 -7160.595589 12196.314506 -9432.124884 -7889.543073 -1294.572743 -6562.281959 -8955.943284 -5920.934225 -6987.909385 8673.900821 -4430.489867 8196.034799 -5757.846325 -7276.519750 -8334.246394 -6398.788286 -1088.089514 -9566.058106 -5760.735159 -7581.233733 -1803.119941 -4458.563142 -4.080174 17018.862404 17287.631227 -7906.872515 11097.870907 -4130.471707 10098.716904 4199.008831 -3155.165524 -5347.215290 -9345.022129 -7053.734321 -4644.460449 -7272.634697 -6417.434288 -7189.390666 5667.233862 -1024.550969 -5083.985982 -5142.448346 -4434.419946
-13389.624833 -15234.779110 -9041.329270 -5429.918964 547.963904 3589.722416 7805.484896 -3595.439698 -2178.416710 15010.782461 -13951.906782 13619.116958 14346.363701 -7230.609711 -18186.012225 18519.020970 -12303.240219 -16473.462815 12804.397509 2231.788245 -13954.781541 -2258.984340 -11163.773353 7513.866643 -5450.315437 174366.928070 15826.361898 9982.765125 5466.176097 13702.157343 -6987.583991 -10882.694970 -6931.710000 -6804.197483 -258.355700 3040.433538 -9685.937747 16374.211131 -18461.312293 -18361.138769 -7482.947696 13709.589894 -2725.557789 -685.343080 -6840.706030 -10889.832758 12088.018922 -5618.909293 17195.726180 6301.012662 -6855.836768 -9106.358513 -5395.173419 5546.189733 -12096.051680 -16857.351097 11075.974122 -14509.383229 -9176.349267 12791.872681 10033.055020 -556.403629 -1759.125916 -2371.971401 -5512.978738 -5630.600962 -12202.369662 -7144.801533 -5040.184746 -6072.384242 -9618.966795 -5883.842900 -17340.508893 -18111.014668 12182.783156 12281.009294 -3449.990658 -1485.720648 -12075.669273 4430.622965 2043.761465 -9475.779739 16026.574045 -10266.090060
-10922.719553 -12127.464159 -7081.160993 -1153.676923 2127.056623 4952.403088 -271.875801 -6878.192696 -3214.802869 8752.748425 -4569.785477 9318.352566 2276.350360 -4248.256772 -7482.854670 10457.256103 -4813.781308 -6183.218674 3447.677016 3458.804959 -12085.486419 -8881.003394 -7903.244624 5161.876136 -7189.695234 15826.361898 176591.975039 4052.810889 4044.537805 5540.954524 -4439.937092 -9180.227461 -5609.773790 16377.727756 -6534.686567 5498.943444 -5140.841422 4297.886666 -12420.610097 -7621.514451 -5258.083634 1192.155997 -8648.081872 -363.718625 -8279.181049 -7021.030115 6504.416858 -958.784699 1611.485488 1471.968323 -15269.721489 3482.310202 -12729.326043 -4411.838715 -9774.568019 -11435.430517 2448.742631 -12661.873965 -10423.501921 11818.894124 6792.385347 -4220.776137 -1197.112570 11199.616623 -10379.100719 -10631.655575 -10439.828955 -12783.158823 -2059.339637 -10925.585880 -5177.018305 13628.466494 -12076.750995 -7480.303043 1940.802313 3252.596683 9040.125517 6715.057681 -13054.064233 2795.209342 4505.042917 -9223.548182 8750.941545 -6495.747219
-15749.125077 -17461.183804 -9126.440734 -9181.290713 -8186.487495 5249.907678 18665.748355 -5295.179609 1837.262618 9066.583490 -17659.260938 33423.239968 441.164892 -6930.662744 -20485.169744 19245.641824 -16067.285466 -19423.516162 -3422.232667 3007.503460 -16634.745785 -9476.365560 -2747.802869 16410.298541 -7684.429183 9982.765125 4052.810889 173340.084111 9536.023117 43303.147041 2303.603332 -16066.707199 -3485.007818 2136.553198 -4149.379900 9354.383613 -16035.125294 10504.494444 -17232.154610 -20535.044783 -1312.995894 -2559.015655 -9356.905799 9012.544738 -8917.550591 -10800.337258 29278.997502 -7874.081129 -122.006842 13364.252515 -11799.612631 -9083.918748 -8614.990551 11234.074751 -14336.085982 -11676.353007 199.387988 -15544.606378 -10050.926680 30760.910148 31485.084001 -4935.686882 2929.156245 -4730.027589 -10182.862545 -10354.238130 -13780.127011 -12623.973208 1156.088763 -9954.561405 -16251.335688 -59.353069 -17102.048569 -20425.134603 -3236.261351 -1600.896288 6402.936223 1467.604597 -11735.705434 -0.551460 1390.133809 -12970.951325 26387.452112 -1902.139229
-6601.344373 -7397.810277 -4152.593201 -1673.541607 -4304.850222 -4969.914697 5427.135017 -13297.993360 3777.597496 8745.545655 -12914.025077 7576.905420 -5800.724801 -7586.437825 -14848.056663 3492.640807 -7550.096347 -11190.255460 -6565.246859 18.279137 -9868.133404 -13293.184960 417.415863 11957.865752 -12708.072641 5466.176097 4044.537805 9536.023117 211743.087941 13752.788808 3990.206796 -10253.690464 -5268.579080 7815.844966 -6837.821407 9520.584767 -12421.632643 4000.212293 -11168.666319 -14665.930525 3985.735105 -8005.193662 -13613.640399 19363.974147 -2332.385086 -4147.605649 9984.000594 -4865.471000 -6380.199795 12265.681949 -10951.423222 -7427.141749 -10152.083533 6598.838292 -6223.566344 -9115.628307 -8275.989132 -7462.543879 -791.044317 15000.095240 15342.286708 -4590.421220 3347.293297 2864.434416 -9668.793694 -9885.795919 -6268.884848 -12448.286490 9759.169925 -9733.614316 -12468.908771 -1958.723800 -9633.324104 -14737.504701 -6136.836807 -7203.383048 4923.895910 2701.493250 -4544.554463 -3748.995774 -3208.479885 -5831.727042 4015.268247 5715.738350
-16974.963622 -18258.738700 -11928.708435 -12577.243076 -9987.515317 3598.086938 18896.556946 -4547.490186 4793.371459 8845.413413 -18754.088086 36955.213012 -1608.357054 -9668.311986 -24159.481299 26125.937788 -15555.596727 -21603.300416 -3846.745500 3472.234840 -18426.100333 -9554.899625 -5854.253909 22077.175795 -8464.647933 13702.157343 5540.954524 43303.147041 13752.788808 197251.937829 -2413.861811 -14467.755343 -3707.100614 3337.761555 -4182.502725 7184.729726 -16697.722003 12830.777300 -19137.712570 -24136.531372 -3987.305656 -4739.363946 -9316.981454 10725.907936 -10481.410441 -9700.473108 33977.773074 -11682.689323 3266.962421 16472.703325 -8045.180275 -15353.179314 -8588.330973 10250.016452 -15586.769302 -13756.009651 -4514.908744 -16905.520428 -11521.721448 38106.365161 31651.418512 -5547.638348 -1680.604847 1762.233445 -9810.687979 -9912.571821 -13551.185654 -14251.173681 1098.420926 -8156.244916 -16605.355136 -1458.417532 -18261.093224 -24328.023885 -5900.567429 -927.620035 6083.118222 -2166.115325 -12225.211724 563.704937 -2003.099880 -13552.905280 29533.302388 -4128.181713
6198.176464 2138.381644 10927.763970 5397.747960 -2466.371702 -3051.619004 3555.099572 -6325.419089 8659.593605 -1507.152296 -6338.557843 -1984.956523 -10401.513299 -2253.811859 -12631.372362 -3447.814941 6219.273683 -8697.605650 -12770.880692 -2283.270484 4683.735249 -17582.192650 11461.831260 5632.828472 -9291.225413 -6987.583991 -4439.937092 2303.603332 3990.206796 -2413.861811 192181.842321 -10241.718573 12581.509909 -6381.861342 -5847.191989 -3291.123362 -12357.701022 -6472.850097 5662.835851 -12554.254412 4222.527682 -16271.514590 -18051.478877 2009.411608 11893.011067 2895.951426 -1756.196204 -2057.621650 -10153.678297 4385.687818 -17450.657235 4991.615592 -15126.915204 2795.844521 4968.122476 7407.170378 -11808.105784 7252.614807 6156.280133 -2789.999320 -1121.624812 -2547.562497 8370.578310 -1917.314596 -13645.549292 -13497.409201 6759.441487 -17082.479831 4547.665177 -16950.049643 -12303.158237 -214.609167 6390.044699 -12642.162828 -14164.507190 -11443.055651 2601.458566 2458.484535 4717.694223 -3985.071352 -2878.035770 3837.770281 -989.456754 12614.256604
4313.013428 -8185.255878 1701.636369 -4324.183118 3979.873254 -4267.357926 -10714.679439 2552.715857 -8373.200088 -11232.839628 -3823.466262 -14458.882599 -7427.350981 4530.165271 -4386.553208 -12707.422064 5495.304454 -9497.649945 -12251.099025 1583.145611 2233.600905 17994.077779 -1430.738187 -10337.128817 7795.310443 -10882.694970 -9180.227461 -16066.707199 -10253.690464 -14467.755343 -10241.718573 225169.037446 -6623.563879 -10038.454186 11422.501433 -11766.240143 21591.909475 -11491.165052 804.913880 -4373.787879 -10190.815776 -13513.117120 17834.064171 -12684.932809 -4030.841975 -838.595152 -14604.908396 -4313.776776 -7869.272561 -8897.169647 19683.353382 1581.003692 9896.739158 -10497.119459 1738.225043 -43.252157 -7365.906998 -2155.752880 -8185.793846 -14159.122892 -12607.962621 10606.546808 -5952.208167 -7435.167841 17086.428503 17232.732572 -1609.163753 19377.307726 -6617.681091 13616.195932 21623.518267 -7795.575882 -763.387010 -4519.066072 -11842.020797 -7504.939388 -11563.449439 -10723.587068 -1342.416905 481.616823 -771.225092 5832.192282 -11940.635463 -6614.452617
1327.452696 -225.751252 11711.202730 -1630.221889 -1790.884439 -4951.676366 4677.982135 -7046.110791 6061.732915 -4696.369146 -7623.322588 -975.511126 -7125.503807 -316.544594 -11136.490365 -2431.828173 2900.130669 -8438.552571 -8289.899482 1885.616096 195.768150 -12927.849793 10158.907038 -220.357517 -6588.479052 -6931.710000 -5609.773790 -3485.007818 -5268.579080 -3707.100614 12581.509909 -6623.563879 201904.995936 -7879.385492 8170.120318 -4928.109917 -8049.752508 -6045.289905 -1772.786742 -11072.084972 605.379942 -10529.257545 -13357.189703 1546.694407 11260.117393 729.114637 -66.664251 240.960637 -5523.013369 -1561.708516 -13997.794907 395.364719 -10088.628743 3099.173466 -1868.093518 2448.475222 -8039.379188 -133.443477 5144.742224 -4577.532987 -3287.403573 18871.603945 5183.037303 -1918.928712 -11885.093224 -12127.876890 3827.518020 -12857.970875 2164.010414 -11210.299310 -8049.254656 -2066.179586 -1124.947447 -11060.433281 -9883.721416 -7438.179259 345.175150 1228.546878 1933.724821 -3752.082060 -3459.383892 2416.053995 -3003.051836 7640.898124
-7414.600604 -11377.016204 -11752.464841 -30.560109 867.122131 760.011572 -6809.736498 -7057.360034 407.877946 -6579.183701 3510.806225 -3004.121632 -15007.274742 -4315.263520 -478.713225 -4566.868673 -9498.521657 -5245.340226 -15854.053229 -10558.510801 -14125.233870 -17325.121161 -5632.678339 -2567.062177 -7866.422632 -6804.197483 16377.727756 2136.553198 7815.844966 3337.761555 -6381.861342 -10038.454186 -7879.385492 277808.670994 -12989.124885 29341.571797 2435.799241 -10273.500459 -13045.995458 203.339544 3428.733278 -18436.801717 -17595.896812 9964.268803 -9107.002616 6964.354953 -1570.061457 -5335.991978 -11075.726152 -4645.648365 -16888.690161 5843.254785 -18053.969832 -5552.961301 -6325.207593 -8606.468179 -14614.991901 -3773.950147 -5789.404857 3458.531959 1534.296336 -11719.758690 -2656.669739 33863.292774 -19599.641778 -20225.429622 -7756.234790 -13960.190697 18388.488551 -13169.338769 1483.356955 38351.567044 -11672.134749 -596.378964 -16760.797165 -16765.946186 37325.685903 28866.072058 -6900.332714 -4740.595015 3043.320718 -4659.399024 -8398.154762 3914.091866
-7934.628647 -13720.386120 4530.635726 -5530.287038 -833.100905 -1842.677017 -2312.454607 -393.655311 -6688.994153 -921.993621 -12045.905614 -5901.103245 6742.965626 -4046.147930 -16400.727381 -2556.991209 -8960.945016 -17533.350510 2000.614362 -4402.677973 -9088.186881 4100.783139 9805.802569 -2972.176057 2225.505235 -258.355700 -6534.686567 -4149.379900 -6837.821407 -4182.502725 -5847.191989 11422.501433 8170.120318 -12989.124885 220582.936540 -10924.836734 -2147.189250 -1595.228767 -9800.623958 -16421.061029 -5866.255031 4213.413856 4369.614062 -7934.412447 8965.957872 -6560.621059 -7310.053951 -4433.603233 7864.081421 -4578.684839 9695.234761 -1515.412461 11417.186718 -4989.179876 -7529.888153 -10863.630991 8863.829640 -8432.503320 -7919.133842 -5097.414674 -4099.699502 43619.563002 -4098.861433 -12345.036448 3349.189880 3661.294659 -7696.394726 10985.061062 -9035.046754 7691.444677 -2044.537453 -8801.893494 -11294.759790 -16217.515998 2264.499602 5400.038345 -8629.338432 -9943.584266 -10633.038870 593.773246 -2936.925433 2853.472256 -3557.670941 -5250.030449
-8251.648546 -12422.257933 -8783.105557 1003.156905 4636.112052 -1414.976060 -520.211979 -10002.060978 -2141.466496 435.408012 -8633.730665 2207.120746 -6777.190640 566.242239 -15200.105967 8146.930758 -6949.098766 -15096.825356 -8523.539435 -3233.300765 -6463.045824 -12862.105647 -4657.843105 2706.244134 -10171.871820 3040.433538 5498.943444 9354.383613 9520.584767 7184.729726 -3291.123362 -11766.240143 -4928.109917 29341.571797 -10924.836734 212369.524402 -8085.823431 -2985.349716 -7697.850775 -15071.247201 -1018.327092 -8330.931170 -13697.219450 14332.614979 -8786.989808 -7177.410241 2084.044580 -1273.762409 -3286.827769 -84.403184 -9515.841962 -2736.319956 -10695.003622 -2240.426411 -6536.133162 -5002.253630 -6095.435142 -8619.633112 -7328.389883 9003.942685 9717.584810 -7023.611613 330.139925 12078.126610 -7785.600872 -8295.074970 -8971.361440 -10767.623328 7482.108089 -11721.807624 -8349.438675 16387.439820 -7181.518016 -15048.715125 -9019.784819 -4444.836763 24580.807219 16654.300481 -846.713340 -2977.110230 7789.789347 -4444.003115 3750.343886 -4045.153807
