178319.400214 8702.772275 2208.142455 5163.706221 -448.002028 -5004.801379 -7370.513381 -787.694378 270.215020 -6826.551963 -3600.862296 3622.685736 -9032.790114 -13320.816713 -13339.897109 -2434.767129 4892.196116 -1253.715230 57107.813347 -16347.773325 -5015.210567 -5355.180359 12770.612862 -9340.109278 -846.616024 -8945.512009 -4476.743142 -13157.286467 -10813.412360 -15426.747954 -6596.680235 -16804.038490 5637.083409 4256.065519 694.022065 -7805.794654 -8246.288866 -8407.796716 -42.145534 -12959.129397 -13158.058604 15066.384180 4884.804812 8183.343465 -19220.984270 -2397.612408 1475.562639 6002.645053 6980.945736 5301.953120 -10580.541606 1404.052804 -12676.950126 -9125.981900 -12955.605742 14385.275580 14645.765241 -15302.475344 19679.505813 5306.469302 4.762436 -11997.601764 -13765.638655 3577.525028 -1537.238655 -2634.395178 -11211.357621 -10939.629762 14116.261067 -9631.843867 -12803.487048 251.129778 -8019.758535 13802.254262 5044.277023 -16992.386211 -13417.780906 -3280.593328 -3199.799931 6567.321331 -4914.037619 -1748.209894 14506.080406 -12015.784912 2703.596671
8702.772275 179802.049734 -185.097432 6456.729381 1211.505544 -6197.471325 -8690.652089 -348.968245 -2926.427136 -14011.420013 -2358.725812 36856.827874 -13648.938504 -21747.323074 -19211.216915 -5864.368789 57189.831039 13553.799053 13399.113485 -19429.580042 -9903.891088 -9359.523622 7058.457590 -20383.909652 -3232.792834 -12217.116256 -3795.234123 -14293.341367 -11348.232911 -16427.276635 -6662.341471 -17371.272963 2338.718301 -7469.632980 -132.998082 -10963.532279 -13296.986379 -11833.445963 -6699.473494 -8053.624054 -18974.954917 21901.790720 57252.401697 -1389.345007 -22188.935703 -7853.356489 -3581.665986 9989.182649 -1.932282 11127.890497 -12304.154286 8019.596639 -18983.712319 -11734.038290 -15820.140111 16929.698613 15118.485489 -18814.353079 22802.665843 19957.663235 -5187.543610 -15859.703310 -16948.868969 9334.799648 -7705.414777 -3030.328924 -15470.302474 -15421.924111 15485.474758 -17292.373173 -15939.830225 -6462.670129 -2953.734034 15846.018134 57073.555442 -20195.693294 -18831.474210 -9370.243566 -6672.842549 11972.687978 -6383.028980 -8046.902557 8342.559917 -14102.266883 7862.274238
2208.142455 -185.097432 179811.025616 -2593.019322 -1103.638826 -4897.034461 -2497.305330 -5115.372973 4891.631232 -5680.992643 -3018.113831 -9008.419053 -7020.394159 -9833.819160 -9926.571742 -2807.978462 -9702.451635 -6457.751314 1840.318489 -10553.218923 -5268.898089 -2076.935036 788.143481 -10390.181286 44596.462843 -4587.026299 -5847.313088 -9565.751712 -7727.438790 -9551.955187 -4954.363075 -12493.403680 9610.607217 759.005503 10248.871489 -12818.717788 3376.951944 -9742.939744 -4273.961449 -9867.587813 -10007.643279 -1356.928542 -9671.333019 -756.278157 -13708.294896 -2289.543259 62114.171804 6599.155449 6946.441061 -2135.714060 -8305.608929 -3764.537539 -9610.773404 -3810.352827 -7754.263470 757.176983 1462.466753 -8487.039276 2062.827017 2439.382581 50323.574356 -9158.007670 -6434.875621 6949.447808 5510.313196 -4171.831574 -7908.754593 -7865.251884 -717.029207 -9426.757356 -8517.202221 -4091.594080 -8540.305189 -2219.002481 -9569.080116 -11824.419890 -11439.364961 -7780.945781 -4271.884950 -3622.957592 -5503.177628 -564.368215 2812.910092 -7150.070172 5893.816772
5163.706221 6456.729381 -2593.019322 178237.505608 9557.349272 -1843.916360 -9604.499286 -7232.911878 -3634.180540 -2112.974818 1777.848974 6544.122533 -11908.838857 -10087.099883 -10079.966216 -3272.597411 -2945.813713 -786.204873 3134.027693 -11654.682025 -6108.749704 -4112.544824 -511.615144 -10975.200219 -2435.248329 -4270.457616 -7208.704908 -4974.181417 -718.242021 -8597.347168 -1413.494100 -12123.303299 5047.195283 -4151.436067 -2106.787200 23.231086 -5618.968742 1161.911241 -1017.141711 -5490.159136 -10077.531279 6623.559479 -2978.719602 10852.085695 -13280.459065 -4146.188116 -2790.119198 4058.237369 2613.301334 2403.051631 -8830.202177 30888.304939 -8092.816026 -3759.371367 -7634.496630 10852.171505 7095.331546 -11347.652430 6052.977187 4643.584764 -642.160230 -10465.640949 -9939.657225 2117.269338 -4112.211514 -3608.109894 -8695.467078 -8396.544399 6466.083067 -7693.916254 -7941.392795 -1010.979910 -2995.602075 2917.314281 -2919.904797 -12665.106510 -8844.825214 965.374898 5164.265414 3865.870352 -6013.819692 4254.034187 4426.806716 -7988.363368 3098.293587
-448.002028 1211.505544 -1103.638826 9557.349272 179741.521002 -50.139425 -3916.572524 245.691559 648.610535 -6056.121694 6159.732881 3839.013345 -5048.042961 -1289.257250 -12463.283861 3743.820934 -1393.870012 -1007.613113 1110.815520 -3619.263635 3727.515149 -1140.870069 -5664.954048 -6632.172017 -3200.004267 -4815.494300 -1442.764566 1051.344107 2463.519261 -7605.483803 -4058.424517 -9514.371399 -2716.516241 4179.773096 -2253.691739 838.450010 -919.106082 4678.389752 3412.390294 1425.234452 -12454.686074 -7896.766108 -1255.520280 -1254.014285 -3431.842916 -5419.846282 -4168.616484 -4320.635962 -4093.463122 -1332.504877 -8478.146982 2088.962780 -5076.572196 -4048.262493 -6121.089664 -6611.699130 -4388.608466 -2028.073635 -4908.621822 -1047.250870 -5096.015561 -4174.078235 -5469.182467 -906.426208 -4617.823233 5530.850203 -6177.767262 -6057.055591 -7784.795896 -6306.642218 -6435.179529 3588.883842 7787.607248 -9534.896143 -1396.435008 -4188.228208 -1525.091624 6050.138270 4125.694767 -7251.939158 221.708446 6106.757174 -422.798578 -5129.915040 -6365.129458
-5004.801379 -6197.471325 -4897.034461 -1843.916360 -50.139425 173304.430618 2646.305229 9926.024343 -1093.654917 4388.832649 -1011.156109 -7004.343923 5234.929756 1041.288704 -3290.141579 7186.798171 -9728.946213 -6791.675596 -5898.841594 -1188.654057 894.842748 12383.062955 -8228.337431 5606.027367 -7291.460939 2595.949049 4091.264152 4184.153020 5527.978734 6024.007300 -4583.967334 4151.842152 -3204.262767 -4047.991307 -5224.678238 972.958980 -1728.050299 -1181.757950 -2309.834406 10087.851246 -3299.720133 -11879.340641 -9864.275606 -2536.210751 202.186737 -4204.588029 -10317.478707 -6046.303128 -2494.654451 -3308.340289 2918.277817 -309.634297 403.151675 -3311.507198 -1452.146908 -8156.616100 -12161.297492 326.835005 -10509.929906 -8564.294993 -8516.489212 4775.315908 4793.644317 -8021.793801 -3396.290457 -3783.501585 -6080.066280 -6156.519356 -7541.079366 -793.197185 -1596.177420 -2391.833483 -3422.098370 -14080.217103 -9722.856401 -3442.534710 -1124.128145 -3171.070772 -2828.305094 -9219.181945 9009.535555 8420.988797 -5588.590543 8098.906185 -8104.001702
-7370.513381 -8690.652089 -2497.305330 -9604.499286 -3916.572524 2646.305229 167849.886426 -2166.357779 8011.020801 14171.733923 -4703.992171 -11560.028530 19960.351446 -277.440975 -12966.792624 1993.150518 -15666.682178 -7867.997101 -8300.048722 -1066.651145 -1724.852995 -268.201338 -8687.554740 -6666.936840 -2942.558565 42476.292183 -4974.500943 8509.878773 245.234258 19504.943579 5890.509633 19515.346781 3445.724345 -10439.936316 4403.220170 -6634.022206 -2174.362293 -233.209177 -14265.993010 4559.815494 -12971.410862 -12666.366226 -15751.280633 -1318.338066 -1301.446483 2265.356367 -2639.831558 -7662.135698 -2693.165874 -3701.855548 21078.350929 -9884.577906 2584.443550 18051.513668 -8378.285386 -9757.470611 -10481.861052 -2813.138239 -9366.333068 -7221.691410 -1810.367734 12106.021290 12514.068431 -4808.003880 -4769.863842 117.327964 -10127.992400 -10348.867996 -8531.706017 -11331.144720 -9458.440710 -14446.180487 -1596.222855 -10973.509708 -15701.721081 -1347.123129 205.574589 -169.113427 -3201.675627 -10152.036146 2276.198163 850.141335 -9517.501210 14663.008178 -7327.096179
-787.694378 -348.968245 -5115.372973 -7232.911878 245.691559 9926.024343 -2166.357779 174099.614112 -2282.397189 -3903.812533 -2230.138000 1121.016287 -5288.753527 -5450.715967 3610.392129 7228.925865 -7293.954120 -3947.794025 -3751.547145 -6459.159322 -2383.782641 -1160.858358 -7424.517510 8651.830319 -6578.065639 -4587.271569 104858.016705 -3209.296463 -6623.190427 -4806.028616 -13129.777015 -4218.213511 -6674.084900 2664.878380 -7554.774939 -7283.002577 -602.164436 -10016.226787 6854.397232 -2551.971662 3767.986585 -8020.370813 -7245.604363 -5341.170212 -7569.777508 -7228.633772 -8659.682171 -6477.621431 -4951.709661 -1124.368459 -3781.063310 -9718.914990 -6395.143920 -6626.105117 1754.730222 -8230.904517 -9270.981700 -6345.596144 -944.553464 -8754.163435 -7988.143594 -2740.565044 -3366.522903 -6241.454756 -5470.476706 2027.058123 6637.014992 6652.629608 -9042.375428 1857.978514 1660.226231 6968.182221 -1379.536840 -7909.261672 -7234.276360 -7314.257267 -5855.812061 -6262.655229 -4529.505634 -10089.714192 8742.235693 1746.141075 -6832.888307 -2588.282407 -4480.072679
270.215020 -2926.427136 4891.631232 -3634.180540 648.610535 -1093.654917 8011.020801 -2282.397189 174509.974163 5523.796579 -1467.339575 -3834.402193 2639.521652 -7140.537556 -16118.442582 -425.678296 -7109.071391 -3692.313175 1.219367 -10685.452297 -515.335271 -4051.423850 47.928098 -9906.750398 -122.924104 7073.860151 -4820.698632 -1563.340851 -2715.634067 2568.929714 4177.647298 5372.585145 8433.512169 -8078.921451 5782.891580 566.578862 -6597.466651 -1898.111318 -10208.729763 -726.528847 -16130.202667 -3387.155695 -7126.644024 5555.725084 -11142.653003 2497.891460 2097.266735 3325.601944 3635.988971 -1540.858397 4868.520672 -823.127948 -7083.801393 12501.680779 -13461.411663 -1828.988892 -3744.822864 -9167.961331 2866.986264 5894.504101 1823.277365 -237.109916 1673.407303 2745.002805 -4061.442519 1499.693439 -14306.214170 -14250.335747 589.159454 -14422.391167 -12704.854045 -10081.678806 -1112.051918 -2375.311304 -6893.011173 -11878.037487 -8500.591386 538.540463 1110.319821 -2208.977459 -2341.466454 3099.040982 -694.335359 2493.110154 3785.558676
-6826.551963 -14011.420013 -5680.992643 -2112.974818 -6056.121694 4388.832649 14171.733923 -3903.812533 5523.796579 172232.503549 -3973.391096 -13416.347984 14880.045337 13472.147589 -8146.602149 -359.548572 -19801.868758 -11162.248551 -8917.163675 9994.804423 965.661023 1784.073468 -10973.592016 -5620.785804 -6348.528639 17254.331354 -6094.913124 15887.506130 9483.346771 10116.415327 9448.231721 9706.377573 -1406.203532 -10747.064407 -4684.953897 -6160.757651 -585.994958 938.440617 -10862.118043 9009.557489 -8007.899944 -13914.521445 -19949.738918 -1359.835384 10017.257587 2332.501476 -5247.870699 -9021.034477 -8432.460088 -5540.578356 11024.027511 -7970.930253 12817.509989 18622.626501 -5043.581951 -13045.719802 -14153.557671 7386.871965 -9293.511038 -7519.462102 -5936.074648 11301.971300 8470.322670 -8900.409864 -2380.111278 48.891932 -9295.699921 -9227.856102 -7773.613548 -7584.921623 -6891.886627 -10895.223367 -6543.972816 -13278.538337 -19725.804226 7718.030887 8454.625065 -928.909323 -871.565209 -10347.459616 1701.757527 1557.843264 -8710.698628 14779.956451 -9844.595864
-3600.862296 -2358.725812 -3018.113831 1777.848974 6159.732881 -1011.156109 -4703.992171 -2230.138000 -1467.339575 -3973.391096 181340.423252 -4753.731147 -2535.851976 -7195.709894 -12305.763813 -786.892856 -8636.753946 527.544242 -582.177102 -9390.680108 2850.490057 -3296.882723 -1964.445349 -10596.360509 -470.550874 -3455.710225 -3224.088294 -4279.616392 1039.155398 -4099.536694 -1773.216952 -4807.662258 812.421957 -5001.077210 -181.239009 14138.805110 -4047.672810 8891.708628 -667.135957 -2734.529484 -12162.202808 -6578.241401 -8588.368186 5234.073502 -11568.114624 4168.320006 -1804.674572 6738.486407 1237.627702 1658.821372 -6210.217397 5628.477942 -6350.567612 -4521.218491 -10969.955021 3883.802660 -3483.756417 -10497.662043 -2636.483487 -2136.292902 -109.444926 -5514.611472 -1800.293459 5148.454487 -4322.985760 9213.531436 -11002.778475 -11049.114236 58.846134 -12344.817382 -10519.803768 -569.077638 9523.473088 -9.530682 -8523.515323 -10300.305834 -7638.251915 13073.244725 12809.378740 -232.374054 -3757.440633 -760.528970 1817.064055 -5269.746217 2651.647426
3622.685736 36856.827874 -9008.419053 6544.122533 3839.013345 -7004.343923 -11560.028530 1121.016287 -3834.402193 -13416.347984 -4753.731147 183877.483915 -15848.805232 -16510.329557 -14450.515050 -3734.827400 89633.687994 40335.286123 306.276046 -17332.219569 -6241.477831 -8726.856375 -4031.034612 -14327.126109 -10536.245670 -14230.770921 -1063.742924 -13119.794430 -3911.341849 -16745.708207 -12298.580719 -17986.181016 -6323.091917 -3330.949153 -7676.859547 3737.245059 -11789.331178 -8161.623483 1001.674995 -9965.770756 -14218.361342 2639.180527 89612.438560 -4799.623808 -17819.464851 -9936.860019 -8099.798650 -1581.475650 -4557.194007 4503.425633 -15247.922145 11666.505196 -15766.808909 -14005.840230 -14124.038467 20.642811 -1014.720934 -16650.443257 4694.858950 21579.051336 -10951.059328 -16511.616216 -15492.509894 -3084.645687 -8540.564955 8235.770906 -14676.393191 -14537.630070 -1173.684278 -13466.862591 -13036.074165 1029.157809 7378.882196 -209.922138 89145.787010 -17360.224987 -18276.059356 -6173.254522 -5646.171949 653.464139 -6390.030430 412.717511 -1803.557673 -15024.571286 -4349.361174
-9032.790114 -13648.938504 -7020.394159 -11908.838857 -5048.042961 5234.929756 19960.351446 -5288.753527 2639.521652 14880.045337 -2535.851976 -15848.805232 171707.187818 -595.926900 -7758.705850 5204.961167 -18969.064863 -11572.280546 -9666.759646 -1011.460989 1266.526958 2924.474591 -10737.499236 -6816.639438 -7073.064352 23064.538245 -7406.680141 14496.595101 10059.217809 34433.114886 8192.951278 37773.142755 -1922.414555 -14010.094088 -1047.262702 -2664.845922 -5605.253794 2686.648858 -15552.023175 7347.156722 -7770.403485 -14197.879121 -18889.810329 -3466.896092 -1234.180660 6910.251673 -8025.354983 -13063.831882 -7604.152496 -10545.089699 38555.591215 -8559.746732 4649.103887 13634.500158 -8526.656270 -14023.198430 -9839.178021 -2586.196586 -12433.211506 -9632.667267 -8537.224967 25679.552462 23589.309779 -6402.317361 -5350.020818 1068.349276 -10694.259909 -10684.926096 -13441.246313 -9187.575163 -8704.363879 -15491.872372 -3515.793707 -13978.106795 -18761.715761 -2117.377051 -936.148851 3165.611794 -2444.649249 -12700.291171 3097.126499 -145.930255 -9752.206571 22246.452071 -8480.341817
-13320.816713 -21747.323074 -9833.819160 -10087.099883 -1289.257250 1041.288704 -277.440975 -5450.715967 -7140.537556 13472.147589 -7195.709894 -16510.329557 -595.926900 171966.105451 -2055.276856 -3410.934234 -20090.370221 -13100.434153 -14458.094182 50106.960862 -393.451192 88.379945 -15539.622307 12175.387785 -11112.399012 -2482.773429 -5740.990902 15121.780163 2912.600649 1390.185799 -5268.924944 -879.952728 -10428.540305 -7074.658420 -7226.982840 -14727.955310 6993.664428 -6390.100096 -6881.998962 7688.588881 -2053.761912 -20363.870054 -20116.340015 -11330.238189 61308.681545 -9567.559298 -10116.154004 -14617.478751 -11457.489967 -10187.041084 -1698.925752 -5027.806671 42617.851801 936.882644 9377.428324 -15023.905505 -18376.152733 50852.651560 -16299.822898 -13145.916454 -9063.727869 317.709278 -557.332588 -13278.037155 997.014128 -9219.566472 812.510076 690.976678 -15750.333257 7157.952020 10547.358503 -6839.759165 -9144.232161 -19695.596063 -20008.183467 54954.729072 68304.030839 -6948.117627 -10443.886128 -17875.211335 -3011.592538 -5962.903254 -10567.137607 1597.856072 -14970.205802
-13339.897109 -19211.216915 -9926.571742 -10079.966216 -12463.283861 -3290.141579 -12966.792624 3610.392129 -16118.442582 -8146.602149 -12305.763813 -14450.515050 -7758.705850 -2055.276856 205766.777325 -1715.587413 -19459.535555 -13633.565472 -14239.670148 -7193.526216 -4364.201616 -8750.422280 -16653.079948 39032.384469 -8320.500382 -12557.261265 8137.161050 -5450.525393 -9818.028190 -10536.511714 -14298.684822 -8820.025151 -16148.789875 14484.485589 -12423.668045 -19607.574255 6322.682187 -9022.973013 1767.798352 -3978.986960 193163.560542 -15623.655503 -19726.301144 -10868.926710 -5815.239915 -14684.602217 -9822.090391 -17924.402953 -14357.703391 -11666.782628 -11487.657708 -7718.178036 163.567402 -9461.469162 43706.639282 -13424.086817 -16811.927348 -5871.767478 -16081.043205 -18756.038523 -11573.562383 -10403.880188 -8241.852372 -12869.814189 333.834393 -15303.824242 81301.809477 81315.307885 -16716.600499 63832.033645 51963.309881 1578.874978 -10373.478622 -17217.455161 -19404.002110 -5112.234634 -1483.915932 -14164.281130 -17917.861342 -16539.131363 -6349.071497 -6161.224029 -6820.499163 -7073.901762 -13545.860777
-2434.767129 -5864.368789 -2807.978462 -3272.597411 3743.820934 7186.798171 1993.150518 7228.925865 -425.678296 -359.548572 -786.892856 -3734.827400 5204.961167 -3410.934234 -1715.587413 173585.372170 -8725.223879 -6570.439257 -6719.963794 -3620.688860 11850.599242 12248.564436 -5324.464900 1873.548923 -7759.986556 -1534.880174 4360.383828 3282.628771 253.431020 950.471624 -5789.127513 2107.411413 -1890.752538 -1830.993357 -2720.500566 -4639.288314 -4670.637534 -1746.484469 -4162.562406 -81.731011 -1992.024921 -9712.002428 -8825.138658 -3976.904923 -4249.500327 -1736.395808 -8224.683598 -8007.227680 -1325.393353 -2032.097516 4659.020800 -3979.369740 -1528.217795 -299.327451 -6412.827756 -6420.521233 -8283.498805 -7585.631749 -28.881216 -8114.156440 -5279.099573 -973.323083 1191.497927 -7208.240875 -4965.589668 -1462.912381 -5870.181753 -5828.954730 -7664.635952 -5670.391031 -4046.928826 -4156.125509 -6203.030474 -9056.738842 -8787.829912 -3875.801203 -4144.558467 -943.461554 -847.152247 -10098.316389 44782.352069 6850.299864 -8200.744717 2389.705887 -5124.220355
4892.196116 57189.831039 -9702.451635 -2945.813713 -1393.870012 -9728.946213 -15666.682178 -7293.954120 -7109.071391 -19801.868758 -8636.753946 89633.687994 -18969.064863 -20090.370221 -19459.535555 -8725.223879 192114.635359 73238.601511 833.729720 -22327.255018 -7213.856803 -10115.841173 -2794.431400 -15802.114236 -15856.422471 -16704.413534 -8565.315351 -16983.561254 -6393.850386 -19209.988123 -13804.030481 -23048.832643 -12184.370205 -3414.025628 -10775.653220 181.671068 -15727.113320 -14361.307858 -3417.729956 -15718.243003 -19432.766495 195.803694 183130.762589 -10790.777995 -21684.493269 -14783.456369 -12816.591370 -1831.466300 -7464.715650 4537.208149 -15770.544764 6636.968606 -19992.985720 -17087.033970 -16604.756288 1264.598465 558.387129 -19107.104459 1942.223227 42609.615496 -15091.627623 -22823.009676 -17815.118825 -5477.523464 -12530.815253 4592.937912 -17873.037629 -17879.232201 -964.026922 -16621.164309 -17245.222263 -3508.309923 1391.436813 -1975.249833 182435.243452 -20593.331304 -21243.803107 -15048.966280 -7001.266230 -1326.747855 -10197.266874 -7545.715258 -5879.923984 -19544.677769 -7884.846562
-1253.715230 13553.799053 -6457.751314 -786.204873 -1007.613113 -6791.675596 -7867.997101 -3947.794025 -3692.313175 -11162.248551 527.544242 40335.286123 -11572.280546 -13100.434153 -13633.565472 -6570.439257 73238.601511 201437.573353 -3191.450807 -17137.071254 -3956.914076 -6277.433609 -5836.209493 -12529.162199 -6858.134918 -8156.510258 -4673.637570 -12804.286031 -3968.181081 -10886.300323 -10183.255216 -10443.053174 -7439.281393 -8364.274389 -4401.878142 17459.664649 -7797.139921 -1463.737656 1912.076669 -11314.358413 -13179.784730 -4086.089672 73222.438930 22320.354926 -16098.657792 -3507.404224 -7713.233668 400.965711 -4371.827565 -2853.703765 -11320.182394 6709.957320 -15426.922783 -9061.328030 -12630.339746 -1563.718555 -4601.697407 -13949.944111 -3642.567521 2765.173937 -11115.367871 -12100.205045 -6292.094994 -1586.899270 -9918.911232 4752.708953 -15744.478848 -15851.948102 -3438.952497 -10437.016807 -13395.919421 2232.302359 10215.620186 -6427.332674 73111.420861 -17159.523949 -15297.006538 -5507.035413 -396.138387 -4588.070921 -6780.242873 -3542.835649 -792.640243 -9411.434250 -4877.729505
57107.813347 13399.113485 1840.318489 3134.027693 1110.815520 -5898.841594 -8300.048722 -3751.547145 1.219367 -8917.163675 -582.177102 306.276046 -9666.759646 -14458.094182 -14239.670148 -6719.963794 833.729720 -3191.450807 176900.252123 -14844.404227 -4151.839247 -5007.830083 17110.297440 -9971.520094 727.967309 -7410.655691 -4800.141520 -12074.230359 -4752.812757 -15782.853848 -7572.927678 -15369.706595 5626.070220 5438.610680 2264.703589 -9880.679372 -9246.939255 -7148.622624 -375.072954 -12708.721426 -14120.284924 17225.889224 624.910063 4993.498263 -17365.339195 -3440.746744 -729.575298 6877.513016 8416.798078 7612.422071 -10522.174541 4.148475 -14557.876124 -9665.203392 -12736.465338 14411.196282 18690.960810 -14642.632167 18546.082108 -129.572107 -1404.035918 -11570.571999 -13998.930548 3772.923170 -2808.397707 1579.509208 -11350.981746 -11257.883744 16379.178314 -11764.551896 -15752.242717 -109.142844 -4946.693776 17079.462312 796.573519 -16330.056556 -13125.839057 -3568.585304 -1991.651733 11459.432592 -6989.180392 2277.978145 14812.702666 -10875.148804 1216.045774
-16347.773325 -19429.580042 -10553.218923 -11654.682025 -3619.263635 -1188.654057 -1066.651145 -6459.159322 -10685.452297 9994.804423 -9390.680108 -17332.219569 -1011.460989 50106.960862 -7193.526216 -3620.688860 -22327.255018 -17137.071254 -14844.404227 173754.704380 -2682.621981 -2425.057481 -17620.308203 10353.826359 -11704.979041 -1968.378637 -5854.410481 13699.981122 4151.260508 -2425.402228 -5973.836267 -3065.668784 -12680.293495 -11826.831756 -8378.268364 -15470.408497 2308.163898 -8044.349846 -11267.310319 5683.587126 -7320.936234 -20157.320618 -22499.533319 -11858.495036 107048.249225 -11330.885454 -11010.433931 -14176.489405 -12382.609916 -9964.754973 -135.565574 -6988.088354 41096.134316 -27.748305 7961.215143 -18105.419590 -20461.589804 80350.035456 -17117.648358 -13553.530877 -10912.877690 -1533.265441 -3935.305438 -13318.097918 -1488.321790 -12479.888048 -3289.915901 -3166.326766 -15616.561029 5740.456050 7657.136027 -11173.235423 -11219.605348 -18940.777246 -22246.742731 114704.252370 56883.819850 -8970.773076 -7672.773026 -16718.580195 -548.820332 -9303.177588 -12869.062192 2521.723791 -16271.287588
-5015.210567 -9903.891088 -5268.898089 -6108.749704 3727.515149 894.842748 -1724.852995 -2383.782641 -515.335271 965.661023 2850.490057 -6241.477831 1266.526958 -393.451192 -4364.201616 11850.599242 -7213.856803 -3956.914076 -4151.839247 -2682.621981 176365.271092 20139.466019 -7562.730579 -2138.696158 -7115.443178 -452.431851 -808.081231 4282.448184 3503.172445 -1033.705022 -1701.095274 2457.117735 -3773.378485 2112.013022 -1162.483149 -2861.703092 -2186.276261 810.861349 -2441.938408 5343.006321 -4562.937899 -10605.977300 -7237.089652 -4127.492648 -2785.958067 -3053.008644 -5051.761398 -6424.823767 -3797.835428 -6382.119180 2437.253275 -3319.022808 -2234.550954 996.168577 -842.548908 -5146.331567 -8424.482178 -3690.056409 -7839.014769 -4273.126960 -5364.855996 -1594.345351 -98.400961 -4459.225149 -2027.283363 -3567.310862 -5772.258384 -5855.416952 -4414.189447 -2170.705623 -936.672811 -2445.419924 1077.045239 -9093.339094 -7409.945539 -2562.261844 -3674.470680 -2273.902851 889.013342 -7734.169130 12130.728809 6814.998748 48.388666 -4.155564 -6543.074147
-5355.180359 -9359.523622 -2076.935036 -4112.544824 -1140.870069 12383.062955 -268.201338 -1160.858358 -4051.423850 1784.073468 -3296.882723 -8726.856375 2924.474591 88.379945 -8750.422280 12248.564436 -10115.841173 -6277.433609 -5007.830083 -2425.057481 20139.466019 171372.765090 -5995.756086 -3051.326406 -4139.487335 -529.491301 -3524.737991 2513.297521 3664.682885 3435.768287 62.441628 3700.424979 -2815.065029 1436.840995 1272.748998 -10753.486978 -4705.797549 -3358.531995 327.053320 6544.756073 -9016.052169 -8158.452915 -10333.635804 -4224.579290 -3352.751812 -60.984888 -6572.132095 -2897.633163 -485.312606 -1618.598628 2305.241161 -3602.116571 -2862.992955 -1208.556031 -5823.228443 -5035.252579 -5873.808202 -5983.108386 -5564.820091 -5403.882915 -5782.189402 1036.428260 1473.506382 -2544.295378 -2577.498994 -715.554801 -5210.242829 -5105.017163 -5430.834084 -2281.385590 -5217.093797 470.636889 -2577.143360 -9706.674313 -10224.417859 -1473.010052 -2425.324626 -678.545453 1818.311909 -7273.850254 13703.368075 7459.203432 -4605.847850 4578.675034 -3837.805131
12770.612862 7058.457590 788.143481 -511.615144 -5664.954048 -8228.337431 -8687.554740 -7424.517510 47.928098 -10973.592016 -1964.445349 -4031.034612 -10737.499236 -15539.622307 -16653.079948 -5324.464900 -2794.431400 -5836.209493 17110.297440 -17620.308203 -7562.730579 -5995.756086 179726.525404 -11114.000751 -961.125325 -9202.489820 -5253.434846 -13613.992080 -11856.178008 -16245.924302 -9775.653191 -18144.105547 4239.932757 2276.754608 -376.928928 -14242.465358 -9272.327354 -6569.247008 -4856.194424 -13817.593996 -16938.329044 75239.853605 -2574.170770 -264.008910 -20777.473530 -6771.072035 -3847.007966 4464.568614 4234.500909 1436.941053 -10550.559172 2560.992660 -14425.161837 -7717.308164 -14650.531981 19133.007886 45340.262494 -18008.351569 26729.040000 1491.681375 -1282.223244 -15597.406734 -15072.587521 1001.162948 -5249.978313 -9301.136334 -11709.097886 -11588.605641 43902.467780 -15796.726555 -16359.413556 -4720.245512 -7824.959602 71358.420090 -2599.692044 -19247.310085 -15418.291017 -6046.388659 -6813.599326 49705.903587 -4823.136028 -3317.154424 10205.056292 -11423.467415 744.697277
-9340.109278 -20383.909652 -10390.181286 -10975.200219 -6632.172017 5606.027367 -6666.936840 8651.830319 -9906.750398 -5620.785804 -10596.360509 -14327.126109 -6816.639438 12175.387785 39032.384469 1873.548923 -15802.114236 -12529.162199 -9971.520094 10353.826359 -2138.696158 -3051.326406 -11114.000751 214043.977837 -11500.057736 -11744.143974 13766.158008 -59.585885 -6837.340178 -7199.945825 -11228.559591 -7405.744722 -16196.973974 20113.139181 -11669.693015 -15521.371280 5943.756861 -11073.302751 -268.392158 -148.707552 38707.076024 -16553.189018 -15806.911901 -15809.042378 16205.323504 -9622.661896 -11991.238636 -16805.859401 -5759.403010 -7619.894335 -9964.171079 -9702.415679 11975.035395 -8079.239796 34478.418038 -12336.322126 -17299.668516 13447.979073 -11694.046469 -13882.292968 -10884.633295 -6337.625464 -6926.511594 -13980.055112 966.279204 -15374.875873 38485.173178 38357.635256 -10896.551582 42705.401149 40065.304249 -125.659151 -12810.662108 -15133.619026 -15400.064425 14654.419827 13691.229490 -13281.698205 -12743.107280 -13892.728494 2639.113360 -5496.042474 -4284.026140 -4837.609758 -15489.787634
-846.616024 -3232.792834 44596.462843 -2435.248329 -3200.004267 -7291.460939 -2942.558565 -6578.065639 -122.924104 -6348.528639 -470.550874 -10536.245670 -7073.064352 -11112.399012 -8320.500382 -7759.986556 -15856.422471 -6858.134918 727.967309 -11704.979041 -7115.443178 -4139.487335 -961.125325 -11500.057736 183685.240472 -4370.345876 -6483.141659 -11801.560024 -8678.294171 -3258.635924 -529.452007 -6551.953987 9918.837995 -2532.915246 8494.097259 -6945.476017 8556.942744 -5746.164387 -6368.010148 -8646.542769 -8257.159417 -1158.128355 -16012.066216 1034.848370 -13356.230365 -505.475427 58492.004066 8439.195885 3975.686649 -1988.828203 -9203.752261 -2706.292754 -9352.193691 -2893.534228 -7762.651437 1876.603414 650.026957 -11144.170754 -196.021614 2337.514904 56830.970717 -3853.638017 -458.252069 7862.937805 8320.543351 -8344.193122 -9095.237089 -8834.233461 564.768254 -8145.403944 -9202.578072 -6438.821629 -1776.411520 -1575.165279 -15741.154846 -12287.181630 -11944.559207 -2942.149211 422.554104 1524.665972 -8751.673301 -6341.219960 1563.612916 -9028.076711 7740.060211
-8945.512009 -12217.116256 -4587.026299 -4270.457616 -4815.494300 2595.949049 42476.292183 -4587.271569 7073.860151 17254.331354 -3455.710225 -14230.770921 23064.538245 -2482.773429 -12557.261265 -1534.880174 -16704.413534 -8156.510258 -7410.655691 -1968.378637 -452.431851 -529.491301 -9202.489820 -11744.143974 -4370.345876 171357.418719 -7941.755423 8286.751926 5763.106262 17315.404795 12524.969478 22805.904850 5583.149615 -10021.070974 -395.007782 -2343.922332 -2807.825161 3116.640530 -15874.811051 4470.215397 -12363.657781 -11766.118316 -16937.393199 -181.732219 -4326.747710 7472.876463 -4708.973758 -7404.106323 -4230.821022 -5032.217553 18650.850624 -6612.065013 -63.944321 22329.734097 -11393.800973 -8134.918373 -9511.343417 -4707.272160 -9321.966428 -5764.117140 -5397.338604 18077.999355 17892.558520 -5021.317393 -3456.388076 -69.047647 -10798.503426 -10954.331477 -8799.895275 -11364.680170 -12949.721743 -15963.135703 -2467.509291 -9786.901608 -16714.543725 -4451.414851 -2606.409239 -264.850278 -1561.750682 -10056.975709 -1256.658573 2407.401449 -9292.699478 15917.793897 -7134.950580
-4476.743142 -3795.234123 -5847.313088 -7208.704908 -1442.764566 4091.264152 -4974.500943 104858.016705 -4820.698632 -6094.913124 -3224.088294 -1063.742924 -7406.680141 -5740.990902 8137.161050 4360.383828 -8565.315351 -4673.637570 -4800.141520 -5854.410481 -808.081231 -3524.737991 -5253.434846 13766.158008 -6483.141659 -7941.755423 176168.493181 -5005.561966 -6826.768590 -7165.762703 -12436.927267 -8091.340403 -9574.713328 7950.264314 -7073.420183 -8022.468198 2053.993165 -10132.341565 3770.544268 -2028.276005 8243.986218 -5507.995237 -8734.964648 -7526.693934 -6574.335809 -9429.350862 -9198.265004 -6125.873043 -7572.416997 -1472.194262 -6080.597565 -8967.559179 -5627.569728 -6519.240578 8501.228444 -7554.511342 -8373.152510 -5808.995909 -1428.770159 -9480.968109 -9262.455992 -5172.919963 -7353.587656 -5968.287257 -1972.469857 -97.916450 16146.293813 16407.395820 -8132.012343 11612.025213 10252.112751 3972.300775 -3356.995634 -5533.719607 -8589.573941 -6500.031535 -4218.564884 -7295.895631 -6268.992672 -7244.515263 5647.495778 -960.457033 -5319.155054 -4545.506282 -5803.994485
-13157.286467 -14293.341367 -9565.751712 -4974.181417 1051.344107 4184.153020 8509.878773 -3209.296463 -1563.340851 15887.506130 -4279.616392 -13119.794430 14496.595101 15121.780163 -5450.525393 3282.628771 -16983.561254 -12804.286031 -12074.230359 13699.981122 4282.448184 2513.297521 -13613.992080 -59.585885 -11801.560024 8286.751926 -5005.561966 175322.201794 16522.311249 10990.509990 6140.954716 14567.052004 -6910.287503 -10474.454422 -6999.674922 -6426.774232 -2.420621 3462.859598 -9485.157177 17229.915022 -5449.197844 -18247.061339 -17158.832455 -7435.249636 14699.952053 -204.482046 -7761.572456 -11301.739008 -8457.735235 -10554.541734 13002.626576 -5286.049659 17890.220566 7187.401989 -4800.218122 -12057.819179 -16529.206737 12058.153112 -14409.494623 -8620.278924 -9920.480979 13821.251797 10759.919766 -11380.756590 -305.120419 -1933.180313 -5979.350004 -6094.696226 -12083.955961 -6328.445366 -5585.390606 -9431.801853 -5649.121057 -17077.712934 -16909.798609 13141.159363 13122.644284 -3068.630317 -971.338527 -11745.898511 4778.855213 2510.076024 -9402.775297 17021.561350 -11149.377745
-10813.412360 -11348.232911 -7727.438790 -718.242021 2463.519261 5527.978734 245.234258 -6623.190427 -2715.634067 9483.346771 1039.155398 -3911.341849 10059.217809 2912.600649 -9818.028190 253.431020 -6393.850386 -3968.181081 -4752.812757 4151.260508 3503.172445 3664.682885 -11856.178008 -6837.340178 -8678.294171 5763.106262 -6826.768590 16522.311249 177230.827651 4916.441127 4526.762264 6231.095225 -4536.135773 -8927.499658 -5834.943758 16731.676429 -6380.203371 5839.023354 -5039.094264 5027.165170 -9831.040818 -12380.570013 -6524.203340 -5353.583502 2006.929931 -28.347907 -9376.828763 -9204.334701 -6920.467162 -6792.800689 7275.143778 -727.667826 2103.632177 2197.491400 -12273.964076 -9829.670003 -11228.086255 3282.761918 -12724.062449 -9997.140085 -9915.862130 12724.279464 7338.081482 -9626.728377 -4114.915532 11509.680472 -10991.198156 -11245.144751 -10449.070093 -12072.931339 -10546.626503 -5087.605388 13825.738170 -12029.994499 -6383.033554 2704.101416 3982.553472 9291.887975 7147.228567 -12884.407761 2989.217312 4895.354365 -9242.845214 9615.041562 -7491.178433
-15426.747954 -16427.276635 -9551.955187 -8597.347168 -7605.483803 6024.007300 19504.943579 -4806.028616 2568.929714 10116.415327 -4099.536694 -16745.708207 34433.114886 1390.185799 -10536.511714 950.471624 -19209.988123 -10886.300323 -15782.853848 -2425.402228 -1033.705022 3435.768287 -16245.924302 -7199.945825 -3258.635924 17315.404795 -7165.762703 10990.509990 4916.441127 174625.852672 10300.632212 44245.895864 2481.142567 -15541.636139 -3430.774252 2622.203700 -3709.672379 9939.254590 -15721.360809 11476.047478 -10647.833600 -16905.881037 -19256.070598 -1120.590529 -1498.663766 9606.175375 -9699.274984 -10977.246034 -5783.084101 -10360.801265 30292.516074 -7415.498517 688.010061 14367.670277 -7844.161700 -14227.824829 -11277.142809 1272.625357 -15364.326708 -9382.987844 -4392.276379 31924.354020 32375.512849 -9452.406462 -4587.735814 -4246.045694 -10536.820666 -10704.827057 -13616.447287 -11681.878627 -9295.421774 -15947.902954 396.582311 -16761.437953 -19149.292946 -2202.947112 -633.251292 6890.011823 2044.591317 -11325.433072 404.632282 1962.440354 -12762.642909 27559.543200 -2655.172641
-6596.680235 -6662.341471 -4954.363075 -1413.494100 -4058.424517 -4583.967334 5890.509633 -13129.777015 4177.647298 9448.231721 -1773.216952 -12298.580719 8192.951278 -5268.924944 -14298.684822 -5789.127513 -13804.030481 -10183.255216 -7572.927678 -5973.836267 -1701.095274 62.441628 -9775.653191 -11228.559591 -529.452007 12524.969478 -12436.927267 6140.954716 4526.762264 10300.632212 212181.853520 14400.959953 3781.032916 -10033.587916 -5625.042313 7913.669996 -6824.030699 9708.746376 -12395.466099 4627.862895 -14289.773926 -11215.099481 -13614.963884 3732.588791 -7293.257957 19594.443821 -3551.771464 -2559.303580 516.794646 -4017.358853 10674.637662 -4758.282112 -5943.931090 12929.134222 -9693.541475 -6403.517541 -9022.684351 -7579.735361 -7620.845644 -458.412680 2679.889294 15821.204756 15839.275748 574.021422 -4618.358999 3136.491046 -10324.625101 -10541.703145 -6382.763097 -11765.102930 -9364.678826 -12447.153311 -1893.682193 -9606.942151 -13695.137762 -5455.798948 -6541.471102 5019.719443 2995.673961 -4484.042904 -3712.865467 -2978.158209 -5958.784266 4785.687197 4526.406616
-16804.038490 -17371.272963 -12493.403680 -12123.303299 -9514.371399 4151.842152 19515.346781 -4218.213511 5372.585145 9706.377573 -4807.662258 -17986.181016 37773.142755 -879.952728 -8820.025151 2107.411413 -23048.832643 -10443.053174 -15369.706595 -3065.668784 2457.117735 3700.424979 -18144.105547 -7405.744722 -6551.953987 22805.904850 -8091.340403 14567.052004 6231.095225 44245.895864 14400.959953 198154.034209 -2406.809249 -14087.731620 -3809.845936 3660.231264 -3897.918307 7544.247974 -16532.016642 13654.490842 -8708.575231 -18949.614950 -23018.534513 -4010.119198 -3855.665520 11142.263995 -11432.999514 -11240.682765 -8100.074016 -9440.238812 34875.166803 -11383.837997 3883.879761 17323.543942 -7940.360461 -15575.614991 -13465.727604 -3601.129727 -16858.109109 -11037.291777 -5122.141091 39190.777043 32383.755133 -8589.757561 -5333.041688 2199.714077 -10320.150257 -10423.910757 -13516.195944 -13428.807981 -7620.524105 -16439.660626 -1241.653582 -18049.786013 -23215.700712 -5080.084067 -101.797084 6380.905001 -1704.381425 -11921.890654 766.325193 -1590.960816 -13483.698650 30572.596396 -5091.216764
5637.083409 2338.718301 9610.607217 5047.195283 -2716.516241 -3204.262767 3445.724345 -6674.084900 8433.512169 -1406.203532 812.421957 -6323.091917 -1922.414555 -10428.540305 -16148.789875 -1890.752538 -12184.370205 -7439.281393 5626.070220 -12680.293495 -3773.378485 -2815.065029 4239.932757 -16196.973974 9918.837995 5583.149615 -9574.713328 -6910.287503 -4536.135773 2481.142567 3781.032916 -2406.809249 191093.215173 -10571.708647 11710.683672 -6846.564912 -6385.093494 -3682.517745 -12877.589945 -6436.182945 -16291.304933 5026.097698 -12101.825143 3428.560421 -16071.149067 1637.336184 10049.106503 8754.680595 8204.290085 2424.653695 -1705.918470 -2542.464422 -10263.722336 4407.154467 -15253.171249 4131.437331 6977.961740 -11617.447481 6472.087534 5895.022539 12980.089375 -2586.930826 -1202.091259 9855.755746 -3181.729904 -2257.889067 -14814.450453 -14670.406310 6039.998164 -16994.597208 -17147.745112 -12836.500209 -743.701595 5801.295441 -12198.074198 -14013.468600 -11430.009634 2141.242833 2154.907041 4245.713094 -4424.499336 -3260.155356 3125.585427 -778.408803 10906.980212
4256.065519 -7469.632980 759.005503 -4151.436067 4179.773096 -4047.991307 -10439.936316 2664.878380 -8078.921451 -10747.064407 -5001.077210 -3330.949153 -14010.094088 -7074.658420 14484.485589 -1830.993357 -3414.025628 -8364.274389 5438.610680 -11826.831756 2112.013022 1436.840995 2276.754608 20113.139181 -2532.915246 -10021.070974 7950.264314 -10474.454422 -8927.499658 -15541.636139 -10033.587916 -14087.731620 -10571.708647 225096.671610 -7131.764989 -10106.485714 11312.654343 -11760.363461 21446.320065 -11124.525572 14380.765447 727.469388 -3391.061318 -10587.491404 -12976.327473 -12645.848315 -5420.844498 -11305.255949 -2707.724940 -799.026043 -14146.372497 -4315.548008 -7657.321948 -8430.504387 10196.517619 1409.260353 -97.192038 -6813.460120 -2414.956378 -8020.814003 -4642.079504 -13592.205916 -12345.407125 -6122.103603 10453.124514 -7370.419877 16140.671811 16279.007430 -1886.371747 19990.098016 13818.384243 21460.373248 -7887.868099 -911.854515 -3544.366232 -11337.046306 -7062.029133 -11667.645944 -10631.329073 -1416.640609 384.447618 -713.911612 5618.475500 -11421.725256 -8001.687332
694.022065 -132.998082 10248.871489 -2106.787200 -2253.691739 -5224.678238 4403.220170 -7554.774939 5782.891580 -4684.953897 -181.239009 -7676.859547 -1047.262702 -7226.982840 -12423.668045 -2720.500566 -10775.653220 -4401.878142 2264.703589 -8378.268364 -1162.483149 1272.748998 -376.928928 -11669.693015 8494.097259 -395.007782 -7073.420183 -6999.674922 -5834.943758 -3430.774252 -5625.042313 -3809.845936 11710.683672 -7131.764989 200446.888018 -8461.654484 7473.778831 -5402.796482 -8726.084297 -6156.613423 -12671.356847 -2515.163670 -10701.932142 -375.172105 -10480.482781 1111.012294 9289.440482 8266.225499 9650.711022 113.635730 -124.983735 -311.590153 -5806.059822 -1660.381839 -10321.828880 -2779.058706 1907.511873 -7976.355134 -1014.101616 4707.519053 12968.298483 -4479.898594 -3521.407656 8516.494173 18162.539514 -2360.647142 -13222.246528 -13462.751096 2991.839016 -12837.347641 -11536.498087 -8738.192010 -2730.725160 -1776.539819 -10690.452353 -9878.650139 -7537.842340 -200.573726 862.699859 1362.547103 -4357.645829 -3936.183317 1585.960098 -2942.665258 5707.318699
-7805.794654 -10963.532279 -12818.717788 23.231086 838.450010 972.958980 -6634.022206 -7283.002577 566.578862 -6160.757651 14138.805110 3737.245059 -2664.845922 -14727.955310 -19607.574255 -4639.288314 181.671068 17459.664649 -9880.679372 -15470.408497 -2861.703092 -10753.486978 -14242.465358 -15521.371280 -6945.476017 -2343.922332 -8022.468198 -6426.774232 16731.676429 2622.203700 7913.669996 3660.231264 -6846.564912 -10106.485714 -8461.654484 277301.641463 -13231.987050 29174.049503 2013.596528 -9874.692466 -18800.407747 -13404.280221 880.375791 2827.563732 -17967.936064 9926.061631 -10705.656319 -4883.966158 -5285.553153 6777.176667 -1187.467570 -5493.607728 -10960.315853 -4295.101636 -17914.495423 -6873.443760 -8762.468906 -14151.264528 -4394.578076 -5781.750492 -3349.656110 4048.917470 1773.385156 -757.042161 -11931.436811 33651.618341 -20601.227384 -21229.369854 -8166.283754 -13619.947428 -13133.282787 1050.080848 37960.856988 -11978.747418 67.984098 -16317.658559 -16415.964345 37199.116226 28872.055638 -7030.493775 -4965.468998 3055.542432 -5097.971824 -7928.267556 2254.334615
