178919.017979 8567.741352 3557.397966 5604.154175 -255.928511 -4746.798708 -6898.495663 -581.414054 622.470448 -6401.502781 -3095.397512 3383.780149 -8827.536186 -12498.508382 -13674.430432 3231.527859 -2099.170003 4111.806689 -1195.340573 -10203.850024 57856.504290 -161.739607 -15416.913109 -4845.778775 -5084.989632 13443.876620 -11050.442575 700.578586 -8513.444212 -4396.060839 -12742.328275 -10479.113851 -15132.381509 -6089.748561 -16437.139956 6507.502192 4238.563119 1608.910824 -7308.995281 -7610.055035 -8036.052768 331.890488 -12713.079425 -13493.229681 15871.754710 4095.337589 8698.438345 -18291.091516 -11316.571323 -1896.440190 3352.980359 5843.693288 -10250.427832 1760.621572 -8804.386417 -12642.234218 4038.544795 -13340.691069 -6042.936677 15193.990810 15397.116891 -14481.607376 20544.173732 5816.230934 -11632.659258 -13376.417858 4695.563644 -806.929163 1638.850864 -2240.655654 -11356.598152 -11084.600611 14993.996333 -10662.103710 845.016729 -13284.341941 633.631211 -7552.855437 14629.296110 4254.832655 -16077.241776 -12625.155022 -2656.960493 -2864.743055 7356.124185 -4856.149960 -1485.966284 15171.807182 -11768.999421 3870.905660
8567.741352 178346.357975 346.617899 6039.072507 659.933788 -6737.843205 -8902.378967 -875.356427 -3343.167550 -14329.756215 -2719.304110 35661.907979 -14144.802718 -21642.227356 -20251.908868 5313.070931 -6343.843072 55298.231848 12760.961081 -15806.228348 13289.533774 86152.981827 -19235.326942 -10437.945274 -9748.066716 7016.648580 -22749.338699 -2465.176934 -12521.301942 -4431.793260 -14608.872483 -11751.108002 -16888.936801 -6893.997223 -17754.627315 2422.447126 -8229.678327 15.809367 -11347.399413 -13445.022090 -12222.645444 -7037.096443 -8585.068726 -20016.165921 22005.625805 55356.939453 -1727.610251 -21977.658537 -23545.220554 -8143.231804 -2563.279311 10830.894294 -12701.188293 7502.555228 -12172.158417 -19821.051476 -329.363831 -16930.154529 -8975.932789 16915.285807 15057.914280 -18690.299658 22841.354384 19526.232824 -16241.085335 -17246.290528 9669.929254 -7735.392227 -503.535858 -3415.340779 -16286.663279 -16236.040469 15591.683265 -19013.043246 -4082.676498 -17127.251035 -6795.362663 -3337.019403 15929.453598 55179.410841 -20007.114960 -18765.479538 -9550.784095 -7081.562851 11943.926199 -7082.859046 -8561.819933 8245.373770 -14617.558358 8242.519305
3557.397966 346.617899 182367.171346 -1477.345795 -209.279123 -4005.505589 -1315.618666 -4234.782840 5919.083887 -4635.945439 -1808.227455 -8535.141455 -6079.959007 -8354.776479 -9541.176239 1213.094152 -1830.517150 -9744.309234 -5726.177518 -7080.249361 3224.173050 -10197.339559 -8934.398525 -4355.339410 -1078.563401 2228.577561 -11340.417623 47101.049063 -3487.239618 -5076.919908 -8499.368319 -6702.610568 -8603.254821 -3711.101424 -11457.826004 11179.043291 1564.109644 11905.321549 -11686.691338 4736.422752 -8647.751661 -3130.293973 -8916.896017 -9620.287013 218.358884 -9719.332246 387.179640 -12080.463845 -11520.737474 -1097.716053 64985.631467 -917.400048 -7317.577486 -2686.384423 -2898.896861 -9807.434213 384.839137 -7399.185849 -3551.045908 2284.653830 2944.048707 -6983.474668 3590.458136 3639.228460 -8189.002764 -5388.505783 8733.270824 7026.014930 5666.173107 -3135.556871 -7375.798861 -7334.366289 891.507379 -9719.967235 851.047296 -8252.965079 -2939.842727 -7456.977274 -704.807317 -9613.311235 -10230.174850 -9970.179726 -6487.052646 -3209.887914 -2131.419100 -4772.435860 348.348704 4161.444136 -6304.498727 7767.443069
5604.154175 6039.072507 -1477.345795 178118.114099 9473.070095 -1889.959535 -9337.903728 -7289.230122 -3509.128301 -1933.934025 2014.957176 5993.318110 -11896.462466 -9544.118321 -10681.644789 2696.864402 -3220.213050 -4029.007418 -1092.437605 -8294.158141 3595.992651 -239.868204 -10958.314775 -6209.242000 -4066.608240 -32.326603 -12905.660957 -1198.938356 -4090.223808 -7354.661031 -4811.928960 -679.688180 -8586.529892 -1181.449619 -12038.079382 5670.301951 -4404.433620 -1411.973544 137.832560 -5290.295911 1200.863984 -906.708115 -5556.418743 -10680.637061 7209.719193 -4069.423757 10995.423104 -12592.098622 -12995.900441 -3994.639192 -1209.338646 2598.246827 -8743.630680 30946.149920 -3733.859325 -9203.543418 20613.914510 -8269.750987 -1435.920674 11395.313670 7579.679667 -10746.669894 6634.964908 4836.470784 -10413.958660 -9835.461029 2920.053497 -3624.714071 -799.201945 -3500.590538 -9090.345896 -8790.754521 7111.210564 -9003.404062 -759.594648 -8672.302883 -901.665987 -2945.312082 3461.041019 -4010.348748 -11974.021120 -8317.479116 1238.176551 5232.127216 4380.775668 -6215.042459 4232.675239 4786.042509 -8055.465663 3987.442804
-255.928511 659.933788 -209.279123 9473.070095 179284.893921 -206.290191 -3787.893026 8.997928 613.107645 -6037.116987 6239.440046 3182.407061 -5160.278532 -864.496405 -13187.681028 7550.370927 3648.332512 -2606.021127 -1370.810198 -4290.450655 1366.452309 -3759.301927 -3052.035708 3522.037888 -1248.242003 -5394.197995 -8734.197968 -2085.338513 -4777.845418 -1767.510923 1051.716438 2446.453511 -7709.554126 -3909.025478 -9548.526975 -2325.882183 3719.639798 -1719.131460 834.884970 -727.641390 4665.034727 3372.860265 1341.390480 -13177.933547 -7500.557288 -2474.915945 -1191.461568 -2893.205509 -8589.829659 -5375.373376 -2782.473374 -1287.744580 -8513.255706 1998.659268 -4172.211997 -5084.817582 2593.045498 -6849.029478 -919.699444 -6263.480409 -4080.492494 -1602.910235 -4567.556713 -1006.539327 -4213.571217 -5432.909616 -263.922289 -4289.451038 1137.621390 5459.845359 -6698.383794 -6580.815095 -7339.374672 -7693.077513 -4095.580711 -7251.222418 3552.194234 7789.682614 -9174.704022 -2611.519332 -3625.474371 -1143.019793 6233.659342 4065.745220 -6917.688907 -114.694723 5914.029579 -229.215859 -5320.751169 -5661.964192
-4746.798708 -6737.843205 -4005.505589 -1889.959535 -206.290191 172792.958273 2765.895302 9685.132675 -1109.702174 4337.438990 -943.813855 -7658.563998 4991.704693 1409.358597 -4122.292485 -5000.199741 7021.169420 -10885.844939 -7250.595633 10441.364202 -5600.676008 -12268.357846 -672.569487 682.012811 12211.849215 -7917.975200 3431.802788 -6245.856078 2607.317514 3757.617686 4171.566344 5356.115323 5801.064411 -4508.238223 4062.917137 -2778.484976 -4414.206520 -4735.303534 839.812641 -1567.939071 -1255.378479 -2323.190357 9887.011389 -4135.976504 -11390.536566 -11026.084293 -2552.747066 713.413253 3569.822206 -4176.251691 -8948.225776 -3257.827730 2822.287237 -443.700646 -3449.346249 1154.405928 -2618.750167 -2195.246619 -1735.862810 -7800.217091 -11836.123056 740.343692 -10123.231457 -8493.162414 4656.110080 4698.144642 -7404.175000 -3061.767360 -1736.669617 -3796.974782 -6643.920928 -6718.525002 -7092.103665 -2305.232075 -3253.496930 -2446.472295 -2394.257109 -3466.553280 -13665.160737 -10886.635110 -2940.714984 -731.886611 -3073.252342 -2886.600293 -8862.091944 8599.128945 8220.543775 -5388.651304 7773.335544 -7417.627378
-6898.495663 -8902.378967 -1315.618666 -9337.903728 -3787.893026 2765.895302 168109.849217 -2081.377877 8212.686945 14395.828050 -4434.739757 -11903.175062 20049.420470 413.638792 -13414.848118 -5307.273463 2160.909106 -16482.321531 -8015.378254 10389.872415 -7776.783527 -15099.383293 -231.194483 -1652.321515 -67.747020 -8095.435822 -8446.475208 -1616.204819 42671.026752 -4959.439015 8750.775170 426.411638 19551.274980 6258.621476 19712.547968 4127.876475 -10479.183714 5158.922048 -6375.079819 -1721.194934 -23.878638 -13994.947486 4645.807481 -13416.013536 -11961.721424 -16573.272697 -1019.597916 -443.947133 -8153.194342 2545.933180 -1032.877962 -3332.777761 21256.359536 -9677.537403 18159.639121 -11392.739077 -9578.051907 -8799.407300 9039.875714 -9127.831759 -9894.534614 -2093.415414 -8691.102242 -6911.721201 12273.098892 12708.093867 -3914.758788 -4185.106530 5919.606384 327.670349 -10388.919236 -10607.669656 -7796.743821 -12432.305648 -4311.848474 -9979.426370 -14167.614266 -1377.111922 -10306.699465 -16525.223144 -506.508367 868.050089 259.994959 -3013.111698 -9544.947612 2229.043272 932.226640 -9023.111545 14671.031845 -6390.464502
-581.414054 -875.356427 -4234.782840 -7289.230122 8.997928 9685.132675 -2081.377877 173579.492707 -2329.196359 -3925.340145 -2178.156773 486.656877 -5472.297626 -5043.674414 2756.547839 295.927255 7098.461544 -8420.045845 -4319.536253 -2659.836744 -3496.916276 -6031.783834 -5946.307009 -2602.559439 -1300.708161 -7160.073452 6418.975831 -5494.018990 -4578.004198 104316.316232 -3230.239369 -6700.709786 -4990.409761 -13056.964210 -4326.343864 -6258.792074 2154.209224 -7042.041028 -7254.002461 -403.197333 -10075.341898 6797.612960 -2742.026320 2915.450103 -7569.023446 -8380.778774 -5312.093047 -7054.042878 6621.737309 -7180.685315 -7265.978059 -1028.204335 -3883.930614 -9821.790379 -6761.259587 573.246885 -5312.621984 925.489258 -4984.702146 -7906.662332 -8964.714043 -5925.173879 -547.911670 -8666.504504 -2870.027925 -3423.922038 -5602.649181 -5163.659896 -5272.335396 1999.390636 5980.151267 5995.816965 -8595.516877 349.088439 -3626.892571 736.613196 6916.647540 -1379.915236 -7518.399885 -8373.027699 -6824.232737 -5442.650809 -6118.349496 -4616.520003 -9752.536658 8346.513667 1543.899377 -6630.527793 -2849.914346 -3774.535238
622.470448 -3343.167550 5919.083887 -3509.128301 613.107645 -1109.702174 8212.686945 -2329.196359 174377.522282 5587.734465 -1285.743087 -4334.970921 2527.850970 -6590.229611 -16687.936464 -1604.939943 -413.082144 -8164.487397 -3957.459167 -246.733220 373.265324 -6812.354534 -10029.532605 -632.200501 -4009.325946 493.511415 -11819.248427 1063.121521 7212.670922 -5017.141730 -1457.487529 -2693.916175 2498.053762 4402.870410 5412.405701 9006.720482 -8284.308181 6396.376821 644.843354 -6310.704398 -1828.923938 -10037.162641 -759.051109 -16700.569681 -2796.715865 -8190.064351 5686.149098 -10443.365268 -11917.587640 2631.995123 3677.331871 -1348.931769 4924.587083 -759.655803 12442.195558 -15567.942411 -4410.150664 -14046.207011 10921.382605 -1324.088730 -3268.974568 -8615.292051 3394.116394 6105.927798 -217.130963 1716.676129 3473.430408 -3629.128622 22699.041012 1548.302125 -14669.777562 -14611.461865 1241.420248 -15687.229394 1492.118149 -13381.606645 -9907.905871 -1008.555959 -1849.747528 -7958.027033 -11222.644880 -7977.172162 833.218812 1168.481679 -1695.547486 -2577.293443 3064.420120 -336.978969 2386.554308 4616.243374
-6401.502781 -14329.756215 -4635.945439 -1933.934025 -6037.116987 4337.438990 14395.828050 -3925.340145 5587.734465 172170.311206 -3778.117809 -13848.123966 14780.220947 14070.457081 -8726.906010 -5432.712964 -303.895001 -20730.329889 -11410.760878 14022.658669 -8472.246130 -18154.583861 10747.397713 911.339252 1793.191329 -10445.663047 -7506.532110 -5143.028382 17380.760861 -6212.731781 16017.776887 9555.229112 10021.641566 9647.154961 9751.594415 -855.055026 -10928.534580 -4076.555553 -6039.796048 -242.020380 998.209435 -10700.269550 8988.682838 -8586.949567 -13260.048507 -20883.842206 -1169.044613 10780.976005 -7620.623246 2499.795095 -3735.054369 -5307.453917 11061.341647 -7892.269628 18583.110627 -6854.009789 -6796.506326 -5618.151450 13183.232850 -12490.119154 -13638.675779 8022.038843 -8737.086152 -7305.400071 11326.521607 8479.559364 -8124.057619 -1913.198446 2486.563609 110.724940 -9651.706938 -9582.203164 -7156.585218 -8827.668163 -4962.731034 -7541.633943 -10726.917285 -6395.441424 -12690.283279 -20660.779726 8491.747228 9040.805458 -605.893877 -803.880957 -9821.865736 1536.702696 1528.284576 -8327.571836 14657.786857 -9007.707206
-3095.397512 -2719.304110 -1808.227455 2014.957176 6239.440046 -943.813855 -4434.739757 -2178.156773 -1285.743087 -3778.117809 181475.629971 -5160.099457 -2519.349562 -6581.127500 -12817.126817 8411.174984 -606.128144 -9610.523667 286.924865 -4787.116556 -25.478178 -7134.017020 -8658.048488 2861.638623 -3152.412871 -1400.531614 -12446.932590 864.296761 -3224.688472 -3279.063700 -4105.259209 1142.448413 -4082.763531 -1493.642089 -4670.068195 1479.467305 -5071.372808 595.399518 14337.683030 -3614.174153 9053.931354 -446.657874 -2676.410014 -12669.461724 -5899.810411 -9571.034314 5496.170135 -10823.405404 -12688.820441 4386.441230 -108.406257 1946.808973 -6064.060557 5817.766311 -4424.090429 -11986.149413 102.032518 -11468.221370 -3881.844486 4524.577910 -2920.203947 -9800.926216 -1939.127014 -1846.306019 -5423.091065 -1693.049791 6017.333098 -3729.815858 1182.089922 9403.635250 -11313.014176 -11359.087950 828.801926 -13539.832723 16721.503290 -11093.899004 -345.613425 9753.838040 647.017433 -9505.796283 -9549.415573 -7045.243370 13460.415041 12946.463094 367.078232 -3819.284494 -675.937768 2271.599184 -5293.307470 3648.186195
3383.780149 35661.907979 -8535.141455 5993.318110 3182.407061 -7658.563998 -11903.175062 486.656877 -4334.970921 -13848.123966 -5160.099457 182149.671785 -16403.266393 -16539.616180 -15595.827550 2539.990258 -4329.314448 87470.942945 39282.575384 -17269.262742 127.991362 72985.595771 -17213.533006 -6918.340449 -9291.139494 -4146.818638 -16835.030479 -9874.679214 -14627.731764 -1817.999137 -13574.346767 -4472.002717 -17311.848970 -12668.506209 -18475.300831 -6305.356863 -4218.070611 -7621.625681 3242.951861 -12051.473341 -8710.410006 518.626700 -10588.476820 -15364.088339 2626.654068 87439.846846 -5203.339795 -17715.889543 -16953.575100 -10326.413722 -7118.612583 4118.636404 -15747.166066 11057.437691 -14518.220705 -14833.147646 7873.944476 -15336.369009 -13754.306850 -60.443438 -1138.824256 -16634.567661 4627.984186 21028.895688 -16983.613261 -15954.612312 -2821.910495 -8682.042898 -3798.730832 7715.305046 -15627.522937 -15484.027826 -1117.533729 -15329.877937 -7735.359190 -14311.229516 555.396964 6902.709881 -211.896106 86980.368513 -17268.182130 -18280.068370 -6454.692061 -6222.793489 542.713109 -7199.147194 -278.549269 -2023.149387 -15678.936047 -4027.416246
-8827.536186 -14144.802718 -6079.959007 -11896.462466 -5160.278532 4991.704693 20049.420470 -5472.297626 2527.850970 14780.220947 -2519.349562 -16403.266393 171227.285443 -218.240754 -8499.740713 -5846.723085 5105.902063 -20061.187180 -11987.241847 22258.759315 -9433.783854 -16624.132600 -470.869127 1022.700889 2816.767831 -10417.310171 -8856.794108 -6024.177830 23016.557832 -7701.930375 14448.111717 9899.048596 34157.684947 8252.363047 37622.671700 -1500.949987 -14349.940136 -580.338316 -2696.680509 -5420.446293 2561.918916 -15494.644080 7187.768770 -8512.453985 -13742.438189 -19986.565308 -3481.877589 -681.437948 -8783.213969 6935.150585 -6646.878059 -10474.535393 38404.164885 -8632.929462 13422.985868 -8731.696640 -12962.084833 -9241.660527 12577.653840 -13662.843558 -9497.835621 -2152.839901 -12009.353402 -9593.268342 25507.979886 23454.129585 -5826.600512 -5023.556337 278.123968 1004.682614 -11232.090868 -11217.623919 -12996.670383 -10612.627552 -2494.799759 -9514.339814 -15433.439795 -3553.692169 -13599.079152 -19860.045942 -1552.945158 -556.279855 3313.752615 -2519.131610 -12329.007385 2765.134851 -354.035862 -9528.667672 21897.063834 -7799.930752
-12498.508382 -21642.227356 -8354.776479 -9544.118321 -864.496405 1409.358597 413.638792 -5043.674414 -6590.229611 14070.457081 -6581.127500 -16539.616180 -218.240754 173012.523431 -2256.858277 -6159.397421 -2966.995497 -20597.526444 -12930.907219 2363.619896 -13633.099449 -21739.405662 51300.029818 -26.407054 575.391624 -14674.100845 10599.096222 -9518.155360 -1904.514849 -5442.017390 15768.445679 3428.398030 1769.655619 -4555.697966 -360.186412 -9427.135102 -6821.436424 -6172.005392 -14124.686384 7793.479102 -5822.656154 -6323.802550 8172.713962 -2255.976022 -19377.045932 -20629.906757 -10726.173493 62537.156651 10913.555336 -8932.135061 -8198.768226 -9531.450698 -1164.633494 -4538.927096 1362.841558 5367.079899 -9998.353543 9232.428686 -928.876822 -14098.331253 -17461.430501 51947.042288 -15363.255084 -12535.203834 798.504942 -15.864863 -12138.148317 1889.843981 -6306.272619 -8667.100155 795.194852 674.042239 -14758.473169 6281.669366 -10283.201468 10336.940542 -6275.476872 -8591.962815 -18764.555748 -20522.605481 56166.584000 69360.786428 -6205.490572 -9922.421382 -16967.696275 -2745.225782 -5543.009433 -9751.836330 1966.898648 -13773.560919
-13674.430432 -20251.908868 -9541.176239 -10681.644789 -13187.681028 -4122.292485 -13414.848118 2756.547839 -16687.936464 -8726.906010 -12817.126817 -15595.827550 -8499.740713 -2256.858277 203450.331348 -10089.048488 -2437.841350 -21117.117564 -14616.977215 -3113.122987 -14521.415651 -20875.878180 -7261.778785 -5162.843635 -9404.311163 -16880.855381 35721.296183 -7813.238035 -13106.011253 7141.761502 -6026.597854 -10434.631289 -11246.886287 -14759.486603 -9482.852643 -16226.300326 13343.889907 -12492.484985 -20265.097315 5871.524354 -9612.078879 1104.116131 -4755.312667 190861.791917 -15720.734400 -21386.910488 -11385.103246 -5883.668920 36269.305005 -15138.239781 -9017.766236 -12149.791478 -12124.101382 -8400.997188 -10166.736141 62441.306254 -7903.813275 41894.071085 -10069.062580 -13624.895431 -17040.102371 -6062.235097 -16253.270983 -19249.307775 -11043.481924 -8890.224762 -12777.044717 40.764354 -18034.143810 -15849.613371 79749.472637 79765.052387 -16838.695734 61113.585975 -17512.660335 49983.276871 920.829738 -10973.405254 -17372.691078 -21068.661071 -5167.631546 -1702.942484 -14509.653736 -18527.164381 -16730.646110 -7298.485795 -6882.902091 -7199.408106 -7884.274926 -13427.909160
3231.527859 5313.070931 1213.094152 2696.864402 7550.370927 -5000.199741 -5307.273463 295.927255 -1604.939943 -5432.712964 8411.174984 2539.990258 -5846.723085 -6159.397421 -10089.048488 178438.643390 -2163.453391 2436.090339 -5863.606822 -8058.251343 894.187432 2671.789321 -7139.484111 -2486.001414 -2098.147830 2575.753262 -8821.485969 -3754.891632 -6912.040831 -188.532764 -6652.345725 -3917.700750 -6386.803063 -7148.370128 -9202.272006 -2026.562332 4314.595887 -142.734950 -4255.493384 -3831.794039 723.447283 7226.393670 -2808.720455 -9720.437710 -3095.157510 2526.305171 1642.172622 -8923.754513 -9160.248657 -3817.465683 -4579.723773 1624.750791 -6698.905043 6837.492558 -7144.585163 -5681.109142 6566.147210 -5003.586740 -4002.239097 -407.235390 5868.596570 -6426.144916 -1512.519975 -1800.863127 -7813.059695 -10539.845550 -2744.415597 -4114.708766 1037.575054 4330.818863 -6944.208127 -6865.986626 -322.286352 -6900.862214 7918.489518 -5529.661118 7124.348339 -259.189212 1182.363911 2430.025711 -9242.604941 -6226.855590 274.860913 5473.547709 -1788.906325 4559.009997 431.738242 -571.061158 -8441.132859 -783.415917
-2099.170003 -6343.843072 -1830.517150 -3220.213050 3648.332512 7021.169420 2160.909106 7098.461544 -413.082144 -303.895001 -606.128144 -4329.314448 5105.902063 -2966.995497 -2437.841350 -2163.453391 173332.803021 -9805.847211 -6854.957123 3864.200720 -6375.100061 -9296.044537 -2989.226055 11714.543191 12231.569587 -4911.320078 -188.766926 -6588.487106 -1448.727060 4084.308827 3323.857427 235.888016 867.912047 -5564.322322 2079.826198 -1378.969540 -2161.798941 -2115.014631 -4549.292918 -4384.398778 -1691.743242 -4129.879038 -191.427936 -2716.139176 -9124.002066 -9916.309438 -3844.863267 -3612.859892 -33.843410 -1561.836721 -6730.770567 -1861.410381 4679.071985 -3959.770238 -374.128235 -7094.323228 -2493.097193 -7080.162074 -574.948875 -5925.912267 -7886.413277 -7084.486082 443.606636 -7922.151504 -981.227882 1232.870740 -6474.277514 -4583.259141 435.543335 -1432.005823 -6348.321665 -6315.066219 -7159.807602 -7013.582364 -1746.222632 -4823.027402 -4116.513993 -6116.205146 -8543.713598 -9874.471536 -3240.604345 -3693.137043 -693.118930 -840.181951 -9643.721013 44425.391732 6752.685569 -7849.096111 2249.293336 -4363.380459
4111.806689 55298.231848 -9744.309234 -4029.007418 -2606.021127 -10885.844939 -16482.321531 -8420.045845 -8164.487397 -20730.329889 -9610.523667 87470.942945 -20061.187180 -20597.526444 -21117.117564 2436.090339 -9805.847211 188878.836924 71516.706776 -20505.506713 88.519993 133010.081184 -22727.374056 -8457.503129 -11186.132841 -3528.578682 -18867.417504 -15747.548409 -17600.040708 -9827.679167 -17936.688122 -7498.979343 -20281.178151 -14738.670509 -24018.437006 -12722.971550 -4881.752863 -11265.054370 -918.202066 -16530.973102 -15402.388870 -4412.235991 -16834.470581 -21093.807259 -413.615604 179911.328209 -11768.774937 -22064.434939 -19144.594970 -15708.987452 -12384.851686 3605.692227 -16778.319587 5413.660707 -18132.084104 -21780.073053 2914.016584 -18312.772752 -14713.152370 619.451605 -139.051918 -19572.531572 1366.808691 41340.320769 -23792.328779 -18793.577672 -5775.010799 -13196.305328 -10525.303258 3502.339674 -19328.132891 -19330.054975 -1505.702184 -18972.106082 -9133.134573 -19045.629922 -4494.376111 392.625475 -2567.657668 179216.627194 -21008.455381 -21764.370263 -15843.806046 -8160.077545 -2000.607572 -11548.904835 -8737.071509 -6637.545691 -20686.815337 -8095.708035
-1195.340573 12760.961081 -5726.177518 -1092.437605 -1370.810198 -7250.595633 -8015.378254 -4319.536253 -3957.459167 -11410.760878 286.924865 39282.575384 -11987.241847 -12930.907219 -14616.977215 -5863.606822 -6854.957123 71516.706776 200219.369321 -5784.842986 -3083.254724 45760.462356 -16850.346519 -4526.896008 -6641.511320 -5677.035813 -14890.678796 -6000.816936 -8394.468551 -5180.634657 -13061.588982 -4403.016887 -11330.373946 -10338.212018 -10802.240253 -7199.490607 -8963.595243 -4114.454097 17071.300542 -7886.301200 -1834.599498 1623.666671 -11689.546265 -14163.386013 -3846.415759 71495.740734 22039.963561 -15816.373916 -15616.896434 -3738.230372 -6548.624739 -2997.492454 -11616.789985 6325.814512 -9459.559215 -14583.275468 7532.386770 -13619.274940 -6761.511491 -1379.172826 -4471.341015 -13740.950784 -3390.177043 2536.646727 -12428.410060 -6604.813052 -1167.420152 -9858.063872 -6738.445018 4494.733095 -16502.608006 -16608.548415 -3146.986028 -12127.135084 -4129.953474 -14461.679138 1949.464106 9939.568594 -6212.417938 71383.344806 -16873.643523 -15145.204482 -5630.514288 -766.848287 -4426.951949 -7352.604810 -4003.316043 -797.509194 -9900.626579 -4340.366441
-10203.850024 -15806.228348 -7080.249361 -8294.158141 -4290.450655 10441.364202 10389.872415 -2659.836744 -246.733220 14022.658669 -4787.116556 -17269.262742 22258.759315 2363.619896 -3113.122987 -8058.251343 3864.200720 -20505.506713 -5784.842986 175464.353287 -10861.644854 -18748.691225 -402.439116 586.418088 4662.019543 -10606.008769 -6792.707255 -6299.671281 12097.021177 -5555.056806 19172.074767 10862.986713 19899.197568 4050.911964 26680.099093 -3067.751798 -12749.897436 -2134.547952 -4385.471430 -2215.228256 8365.585215 -12392.614707 11970.094225 -2977.636991 -15242.744712 -20660.358634 -589.152912 -1529.076776 -7377.419441 3692.275706 -4865.220816 -10544.837966 21332.231334 -6447.318971 9541.411227 -6604.754417 -10800.984808 -5899.977644 9420.720739 -11895.001742 -13046.639974 -1724.015671 -13001.440286 -11165.282820 23512.688967 19248.645797 -8057.869474 -3488.665596 1098.679038 -3159.366236 -7934.329840 -8039.656249 -10864.092886 -9705.814122 -635.524869 -6577.402481 -12284.099724 361.229912 -14861.267808 -20301.637622 -2044.202809 2153.306508 474.677050 -2695.191234 -12110.772562 5321.248215 2750.991927 -6833.945522 31872.974304 -9655.273262
57856.504290 13289.533774 3224.173050 3595.992651 1366.452309 -5600.676008 -7776.783527 -3496.916276 373.265324 -8472.246130 -25.478178 127.991362 -9433.783854 -13633.099449 -14521.415651 894.187432 -6375.100061 88.519993 -3083.254724 -10861.644854 177561.015545 3318.236441 -13891.654317 -3906.331901 -4665.191991 17859.719196 -11648.363019 2285.451037 -6971.298074 -4656.682979 -11641.299056 -4405.645065 -15445.105577 -7021.767015 -14989.387107 6526.051981 5456.265635 3201.961708 -9367.044067 -8625.580407 -6732.037470 52.137445 -12377.273273 -14399.557622 18095.105797 -122.483220 5497.517510 -16411.354403 -11951.263490 -2957.785743 1144.022728 8162.526473 -10160.220778 398.963901 -9326.653244 -14584.649450 2520.706146 -13026.201752 -8421.746685 15247.258625 19472.340701 -13790.899239 19433.399809 437.424157 -11195.280071 -13576.026044 4869.758903 -2081.633089 3360.223791 1955.863834 -11489.362178 -11392.294516 17327.563524 -12676.192210 1560.503920 -16121.738710 321.411781 -4473.724485 17939.364910 49.585098 -15425.196801 -12314.605036 -2930.972468 -1622.438180 12298.269923 -6887.674150 2560.250650 15494.767146 -10637.142700 2377.867797
-161.739607 86152.981827 -10197.339559 -239.868204 -3759.301927 -12268.357846 -15099.383293 -6031.783834 -6812.354534 -18154.583861 -7134.017020 72985.595771 -16624.132600 -21739.405662 -20875.878180 2671.789321 -9296.044537 133010.081184 45760.462356 -18748.691225 3318.236441 183047.541776 -21534.172548 -9313.792979 -11213.805388 -3090.299346 -21300.047003 -14084.881415 -15671.775668 -7641.999733 -16039.555622 -6029.441866 -19035.418384 -10881.234070 -21287.489779 -8586.702952 -9778.839197 -8391.503122 -5430.497031 -17458.708731 -15093.829854 -7842.155080 -14644.553632 -20725.132829 8559.277580 133157.369965 -8213.858240 -23184.023692 -21680.808163 -11469.482446 -12124.369241 5319.271730 -14590.284953 6828.545457 -17276.456776 -22270.179217 -1613.601081 -18372.167344 -12304.266398 6217.083609 4261.446527 -21103.443967 10966.096115 39413.086954 -20133.456978 -17110.719972 -74.447454 -12338.964094 -9313.510918 4734.835646 -18098.263727 -18187.792730 6773.078140 -19632.113445 -7208.075525 -19573.829021 -7943.152108 3408.416684 5565.486311 132581.822432 -21165.731388 -21755.841722 -12804.771289 -7884.882053 3379.774946 -12623.686257 -8691.181097 -5486.699355 -18940.016288 -2723.485722
-15416.913109 -19235.326942 -8934.398525 -10958.314775 -3052.035708 -672.569487 -231.194483 -5946.307009 -10029.532605 10747.397713 -8658.048488 -17213.533006 -470.869127 51300.029818 -7261.778785 -7139.484111 -2989.226055 -22727.374056 -16850.346519 -402.439116 -13891.654317 -21534.172548 175135.492803 -2176.579732 -1812.443062 -16627.736915 8892.516820 -9976.735726 -1255.668375 -5442.432674 14462.234181 4787.412327 -1906.664675 -5113.680308 -2415.546769 -11593.198933 -11420.499334 -7177.882441 -14739.867722 3252.248953 -7384.285165 -10540.984918 6296.400562 -7384.468052 -19032.371545 -22905.944233 -11134.349225 108434.431512 9243.323423 -10568.254092 -8962.323763 -9244.793085 533.733181 -6376.671512 521.248800 2177.681887 -11382.325596 7957.331832 -1051.046097 -17053.892319 -19460.893923 81587.762127 -16012.540782 -12815.333683 -919.155066 -3270.582909 -12062.122914 -430.700883 -9914.484029 -11800.794516 -3181.710006 -3058.486616 -14494.700315 5001.242748 -11264.872217 7578.562298 -10438.976246 -10544.301964 -17892.825556 -22655.964688 116099.859668 58062.876024 -8076.255920 -6992.984982 -15689.438056 -130.713674 -8759.645741 -11932.685217 2998.020652 -14973.472389
-4845.778775 -10437.945274 -4355.339410 -6209.242000 3522.037888 682.012811 -1652.321515 -2602.559439 -632.200501 911.339252 2861.638623 -6918.340449 1022.700889 -26.407054 -5162.843635 -2486.001414 11714.543191 -8457.503129 -4526.896008 586.418088 -3906.331901 -9313.792979 -2176.579732 175699.763534 19910.678817 -7347.775497 -4284.054979 -6081.715348 -473.751249 -1139.547252 4205.653392 3336.722923 -1223.452887 -1653.302979 2372.829238 -3392.033910 1655.125983 -690.204795 -3053.204686 -2091.475654 780.831787 -2547.197944 5101.137448 -5364.051836 -10191.083935 -8487.271270 -4157.551143 -2279.059834 -4192.328524 -3043.539945 -3705.235762 -6342.736931 2319.306350 -3437.933316 799.697854 -2215.276865 5795.367465 -1643.264084 742.884996 -4842.491834 -8179.015060 -3298.208324 -7500.420483 -4261.801176 -1665.883393 -201.831970 -3906.932506 -1768.241347 3952.862220 -3635.918794 -6331.710734 -6411.676950 -4033.844890 -3701.307442 -2750.602641 -1821.392335 -2540.935613 957.687872 -8753.581248 -8660.403632 -2069.675289 -3307.333623 -2148.174313 747.022142 -7469.551132 11703.139392 6605.029837 174.982753 -266.076357 -5887.269820
-5084.989632 -9748.066716 -1078.563401 -4066.608240 -1248.242003 12211.849215 -67.747020 -1300.708161 -4009.325946 1793.191329 -3152.412871 -9291.139494 2816.767831 575.391624 -9404.311163 -2098.147830 12231.569587 -11186.132841 -6641.511320 4662.019543 -4665.191991 -11213.805388 -1812.443062 19910.678817 171072.075698 -5612.587807 -5086.111867 -3003.508479 -424.638089 -3773.563208 2562.899968 3603.078627 3307.271736 224.356828 3687.254997 -2265.749960 1117.013580 1849.114958 -10719.189206 -4420.865286 -3333.729804 373.792170 6405.000603 -9677.392938 -7623.652265 -11406.414297 -4109.881363 -2720.416545 -4817.370920 99.629854 -5147.106945 -1494.603107 2303.208459 -3560.124858 -1298.087372 -4454.881742 510.029457 -6488.661505 990.977612 -4645.796982 -5463.070662 -5471.205565 -5077.245170 -5312.703493 1003.691937 1462.381766 -1840.790209 -2173.370616 -2139.957335 -676.370169 -5717.640231 -5608.215378 -4944.185447 -3685.736509 4542.699793 -5998.140717 524.119714 -2512.915249 -9242.538115 -11299.746460 -851.647732 -1963.219939 -446.655796 1784.832017 -6861.764442 13397.123609 7364.508332 -4288.628890 4415.160674 -3072.260586
13443.876620 7016.648580 2228.577561 -32.326603 -5394.197995 -7917.975200 -8095.435822 -7160.073452 493.511415 -10445.663047 -1400.531614 -4146.818638 -10417.310171 -14674.100845 -16880.855381 2575.753262 -4911.320078 -3528.578682 -5677.035813 -10606.008769 17859.719196 -3090.299346 -16627.736915 -7347.775497 -5612.587807 180524.313497 -12738.669994 654.125763 -8684.017789 -5125.840237 -13158.022785 -11483.094359 -15869.566234 -9167.077075 -17705.881661 5152.379310 2360.436744 642.721879 -13780.634261 -8595.397632 -6075.721764 -4399.152950 -13492.094322 -17166.357638 76228.580430 -3311.460670 290.015378 -19761.831156 -12970.613886 -6209.582124 -1926.727943 2053.281251 -10137.267127 2975.459894 -7324.725459 -14205.110473 2224.884301 -14895.467157 -9439.783667 19992.269651 46163.593817 -17121.127855 27621.877139 2057.099654 -15190.275292 -14616.012408 2122.758177 -4428.568946 1465.299721 -8885.361522 -11765.608928 -11646.390111 44852.000412 -16722.064662 286.332131 -16704.508603 -4255.153297 -7342.968371 72295.459157 -3336.879157 -18253.285216 -14574.164348 -5362.319791 -6398.644531 50563.557034 -4709.116809 -2984.281496 10948.267976 -11138.626454 1933.287885
-11050.442575 -22749.338699 -11340.417623 -12905.660957 -8734.197968 3431.802788 -8446.475208 6418.975831 -11819.248427 -7506.532110 -12446.932590 -16835.030479 -8856.794108 10599.096222 35721.296183 -8821.485969 -188.766926 -18867.417504 -14890.678796 -6792.707255 -11648.363019 -21300.047003 8892.516820 -4284.054979 -5086.111867 -12738.669994 207929.443336 -12366.280317 -13556.639749 11327.980169 -1987.925322 -8827.042559 -9253.826159 -13083.405431 -9407.298940 -17616.043310 17360.034386 -13067.892321 -17603.491971 3974.350841 -13021.660716 -2314.375260 -2265.030178 35393.387745 -18004.132882 -18877.500263 -17666.785055 14698.016739 188718.597200 -11494.132334 -12557.857445 -9478.528153 -11886.301524 -11669.221064 -10071.041225 36269.205046 -9072.394297 31314.767627 -9275.248152 -13869.476153 -18841.016067 11873.004749 -13201.101328 -15707.396359 -8296.812208 -8835.740601 -15260.019857 -767.432814 -13399.089739 -17259.678760 35460.341723 35337.296036 -12349.960614 38614.686286 -11744.678756 36708.593520 -2166.914288 -14716.218986 -16620.751717 -18482.821095 13182.916727 12094.745921 -14965.795648 -14711.692614 -15434.637385 284.148520 -7572.988858 -6023.874552 -6936.828869 -16706.848462
700.578586 -2465.176934 47101.049063 -1198.938356 -2085.338513 -6245.856078 -1616.204819 -5494.018990 1063.121521 -5143.028382 864.296761 -9874.679214 -6024.177830 -9518.155360 -7813.238035 -3754.891632 -6588.487106 -15747.548409 -6000.816936 -6299.671281 2285.451037 -14084.881415 -9976.735726 -6081.715348 -3003.508479 654.125763 -12366.280317 186591.453106 -3111.907183 -5526.651680 -10598.086659 -7547.480577 -2165.257177 911.418502 -5323.704448 11680.566543 -1591.436375 10325.030544 -5543.263148 10029.865553 -4492.090598 -5079.242709 -7573.068745 -7742.674658 633.670575 -15910.028980 2400.510891 -11652.486543 -12553.517928 847.627585 61523.041844 -614.380487 -8061.128190 -1507.078404 -1810.700697 -9095.968779 -590.802539 -7294.265211 -4248.666156 3588.243493 2322.596898 -9514.405704 1485.051755 3661.380528 -2697.846595 827.402961 9800.695735 9980.262999 6236.969024 -7087.475058 -8451.901639 -8192.267900 2308.454877 -8336.254279 3194.130168 -8836.327786 -5139.607829 -484.902658 125.337659 -15642.274060 -10567.898078 -10391.435171 -1486.776210 1662.191643 3225.950901 -7798.727151 -5244.028130 3088.075037 -8010.527622 9781.341350
-8513.444212 -12521.301942 -3487.239618 -4090.223808 -4777.845418 2607.317514 42671.026752 -4578.004198 7212.670922 17380.760861 -3224.688472 -14627.731764 23016.557832 -1904.514849 -13106.011253 -6912.040831 -1448.727060 -17600.040708 -8394.468551 12097.021177 -6971.298074 -15671.775668 -1255.668375 -473.751249 -424.638089 -8684.017789 -13556.639749 -3111.907183 171379.833917 -8026.639961 8441.762752 5838.245180 17272.759971 12787.812984 22864.062767 6182.025105 -10147.971641 263.947452 -2152.556831 -2421.270086 3192.242935 -15641.331275 4464.045651 -12909.630689 -11124.409060 -17838.952217 15.673576 -3607.995643 -13486.693959 7690.299935 -3179.141080 -4771.063493 18692.738418 -6523.622410 22385.113932 -11931.315665 -6046.399300 -11880.776297 12405.914832 -7570.470950 -9013.750279 -4078.866007 -8725.720876 -5511.496777 18103.446309 17982.802965 -4226.454668 -2979.713257 4526.992099 -14.328243 -11133.963361 -11290.346136 -8177.518576 -12524.983482 -3777.034767 -13532.612877 -15724.340934 -2304.555630 -9199.224708 -17615.318474 -3725.332198 -2046.481228 35.884330 -1449.138112 -9539.912562 -1374.331137 2391.794114 -8877.530774 15781.801566 -6245.381367
-4396.060839 -4431.793260 -5076.919908 -7354.661031 -1767.510923 3757.617686 -4959.439015 104316.316232 -5017.141730 -6212.731781 -3279.063700 -1817.999137 -7701.930375 -5442.017390 7141.761502 -188.532764 4084.308827 -9827.679167 -5180.634657 -5555.056806 -4656.682979 -7641.999733 -5442.432674 -1139.547252 -3773.563208 -5125.840237 11327.980169 -5526.651680 -8026.639961 175304.553824 -5128.234786 -7036.758344 -7436.454748 -12491.304265 -8297.275074 -9254.893399 7294.037656 -6662.266320 -8124.486394 2109.804787 -10299.588743 3585.788073 -2322.629416 7252.512564 -5212.209661 -10004.403400 -7619.425352 -6182.790399 11675.546321 -9486.008509 -7928.746307 -1484.760936 -6276.173552 -9176.993981 -6785.202841 7487.834062 -4796.730934 7506.462076 -5622.174554 -7360.596578 -8179.339941 -5494.121552 -1171.123038 -9509.466790 -5393.920858 -7496.130865 -5475.778302 -1781.839876 -4382.774428 -220.683872 15329.800452 15595.314190 -7798.112584 9894.943901 -4216.061168 9158.805965 3793.107594 -3485.708042 -5268.214033 -9863.058160 -6112.890936 -3953.040148 -7262.924750 -6461.380717 -7022.800852 5131.904078 -1269.412360 -5237.870821 -4932.224715 -5226.882457
-12742.328275 -14608.872483 -8499.368319 -4811.928960 1051.716438 4171.566344 8750.775170 -3230.239369 -1457.487529 16017.776887 -4105.259209 -13574.346767 14448.111717 15768.445679 -6026.597854 -6652.345725 3323.857427 -17936.688122 -13061.588982 19172.074767 -11641.299056 -16039.555622 14462.234181 4205.653392 2562.899968 -13158.022785 -1987.925322 -10598.086659 8441.762752 -5128.234786 175259.948276 16558.502544 10963.066345 6355.298773 14584.111299 -6357.527408 -10627.042993 -6369.305779 -6302.774765 353.726559 3575.000798 -9335.195234 17195.211805 -6025.154864 -17633.304555 -18113.521813 -7236.303661 15468.349066 -2446.128241 -1.418078 -6264.280039 -10334.436042 13029.517604 -5213.899545 7182.284643 -7302.885792 -8857.216605 -5336.834853 6334.026463 -11536.010715 -16049.404657 12714.173428 -13861.707648 -8424.599157 13851.693962 10845.471458 -10641.459869 180.704499 -1064.600021 -1853.239203 -6339.508921 -6453.980491 -11489.962058 -7563.917809 -4465.852164 -6211.569402 -9273.928944 -5507.707344 -16552.513068 -17864.539204 13911.511042 13742.984862 -2793.295489 -912.776536 -11231.080653 4592.674519 2464.808017 -9021.998964 16904.706583 -10313.588862
-10479.113851 -11751.108002 -6702.610568 -679.688180 2446.453511 5356.115323 426.411638 -6700.709786 -2693.916175 9555.229112 1142.448413 -4472.002717 9899.048596 3428.398030 -10434.631289 -3917.700750 235.888016 -7498.979343 -4403.016887 10862.986713 -4405.645065 -6029.441866 4787.412327 3336.722923 3603.078627 -11483.094359 -8827.042559 -7547.480577 5838.245180 -7036.758344 16558.502544 176928.044517 4807.588015 4679.184903 6183.285944 -4010.963009 -9155.503887 -5274.436656 16689.796471 -6101.318813 5826.910572 -4936.423113 4927.537850 -10450.165746 -11846.608666 -7635.889596 -5271.628411 2647.663883 -8590.512784 53.114833 -7931.265348 -6657.171747 7226.844673 -782.402913 2135.057361 -15880.980626 3562.814828 -12872.259742 -3816.254949 -9433.603004 -10834.345831 3836.756008 -12216.373426 -9868.569169 12638.161333 7353.381516 -8930.409428 -3698.718795 -721.701506 11497.235408 -11400.492402 -11654.945607 -9934.860799 -13343.912613 -1711.517752 -11231.705973 -4977.535368 13777.496477 -11563.491749 -7496.576619 3352.367074 4437.004613 9466.933695 7096.337004 -12460.685084 2698.990665 4737.163076 -8954.695569 9407.960133 -6733.704781
-15132.381509 -16888.936801 -8603.254821 -8586.529892 -7709.554126 5801.064411 19551.274980 -4990.409761 2498.053762 10021.641566 -4082.763531 -17311.848970 34157.684947 1769.655619 -11246.886287 -6386.803063 867.912047 -20281.178151 -11330.373946 19899.197568 -15445.105577 -19035.418384 -1906.664675 -1223.452887 3307.271736 -15869.566234 -9253.826159 -2165.257177 17272.759971 -7436.454748 10963.066345 4807.588015 174196.957969 10435.073629 44130.406388 2956.210871 -15842.411559 -2940.581527 2649.449186 -3566.888573 9916.542149 -15656.259124 11306.523090 -11362.822710 -16417.644959 -20328.184353 -1137.431351 -953.257797 -9132.568219 9691.409275 -8337.784675 -10260.581967 30178.324132 -7476.998401 14155.983202 -12268.015164 -8806.315588 -8551.157171 11983.693919 -13816.341211 -10858.210824 1732.491815 -14946.224047 -9314.571021 31809.829813 32270.806549 -8822.165011 -4232.596860 3579.760993 -4278.461437 -11019.796043 -11189.139381 -13084.092801 -13056.799795 1737.277357 -10093.457416 -15878.302468 378.757541 -16308.633353 -20224.406550 -1653.795040 -267.468688 7105.777846 2053.510840 -10896.938326 91.178689 1781.880096 -12512.848784 27213.508398 -1892.705819
-6089.748561 -6893.997223 -3711.101424 -1181.449619 -3909.025478 -4508.238223 6258.621476 -13056.964210 4402.870410 9647.154961 -1493.642089 -12668.506209 8252.363047 -4555.697966 -14759.486603 -7148.370128 -5564.322322 -14738.670509 -10338.212018 4050.911964 -7021.767015 -10881.234070 -5113.680308 -1653.302979 224.356828 -9167.077075 -13083.405431 911.418502 12787.812984 -12491.304265 6355.298773 4679.184903 10435.073629 212381.921854 14602.533956 4517.331443 -10112.735931 -4798.873632 8212.156912 -6337.643083 9975.302622 -12119.919730 4708.397712 -14751.242475 -10439.595999 -14555.809178 4059.175142 -6438.731086 -13403.750378 19978.073767 -1848.037300 -3674.683060 10825.344282 -4559.163535 13008.313789 -11487.935135 -7214.557830 -10161.826495 7256.432410 -5763.240436 -8401.793610 -6817.807790 -6959.393516 -162.861722 16007.074415 16075.317394 1520.002889 -3992.122437 3932.550480 3305.782208 -10605.062449 -10821.550220 -5658.998589 -12934.936015 10287.829706 -9937.172586 -12168.644965 -1612.290797 -8925.459833 -14630.800007 -4607.295132 -5898.614443 5521.425855 3200.723673 -3804.151122 -3743.582315 -2902.378250 -5486.375472 4792.660528 5594.821759
