178340.466402 7786.765031 3051.848373 5070.673707 -602.899277 -4954.728346 -7393.541733 -695.464132 -27.860729 -6865.344149 -3629.904798 2746.073608 -9279.700310 -12459.103118 2834.136282 3270.060266 -1859.275191 -10520.004461 57177.215466 -993.242136 -15575.046478 -5077.479626 -5316.852786 12763.126995 -10495.286475 157.145318 -9055.994618 -4431.910441 -13155.619735 -10988.338360 -15629.567900 -6701.636293 -16887.715296 5845.840847 4336.259925 1011.697749 -8102.320678 -7781.771161 -8523.454675 117.266518 -13071.805692 -11032.945284 15115.953672 3252.192951 8150.518760 -18431.453019 -10743.502648 -2497.825716 2781.201232 5260.715761 -10719.813017 1294.797167 -12063.255421 -9312.439335 3639.598382 -12439.559631 -6570.126254 14583.207670 14659.806831 -14711.178538 19866.260957 5023.545469 -12097.424862 -13856.222621 4052.621276 -1153.382432 991.285385 -2813.939437 -10261.050607 -9986.303541 14273.466770 -8978.069474 192.476806 -12259.072177 418.275047 -8141.647063 13848.683216 3418.023853 -16237.552726 -3254.413269 -3462.970800 6588.824912 -4734.475137 -1787.524476 14642.248034 -12168.545244 3228.280685
7786.765031 177248.161861 -337.254808 5334.468404 107.014939 -7130.425643 -9600.048216 -1172.149749 -4153.805817 -14979.082455 -3454.551718 34762.465904 -14744.659266 -21791.125160 4734.177826 54153.326970 11883.223378 -16321.562191 12452.144416 84994.689129 -19566.621868 -10827.644598 -10184.444909 6132.127971 -22394.624432 -3188.013181 -13267.319370 -4638.120087 -15194.980025 -12433.119862 -17555.619130 -7692.468035 -18396.372283 1565.471168 -8348.687691 -757.006927 -12315.403780 -13810.959125 -12905.942885 -7443.096426 -9152.261035 -17760.027301 21032.199489 54209.811249 -2455.585441 -22302.141231 -23177.450601 -8933.644293 -3321.344114 10062.765069 -13361.442810 6823.617165 -19276.076903 -12833.430295 -910.422433 -16209.673981 -9660.040107 16077.127033 14134.818350 -19104.316936 21978.898594 18503.312666 -16889.581141 -17904.313844 8817.715409 -8250.248682 -1345.879137 -4188.912663 -15411.732526 -15361.748755 14683.958180 -17561.822774 -4873.746100 -16301.084095 -7205.144174 -4096.416727 14953.303842 54041.064554 -20347.573718 -10324.614883 -7860.489824 10988.482684 -7144.526596 -9093.659243 7542.397619 -15207.858197 7428.811297
3051.848373 -337.254808 181934.254711 -1907.902755 -506.190539 -4147.876901 -1763.163370 -4290.893231 5373.770654 -5022.156855 -2292.953439 -9136.827426 -6444.976677 -8256.612871 877.411131 -10500.603334 -6299.686823 -7356.968338 2679.635998 -10949.274947 -9044.483856 -4515.417366 -1263.409823 1628.821471 -10748.590200 46625.590112 -3974.410769 -5064.216382 -8817.099462 -7136.791394 -9021.979081 -4234.109148 -11861.070849 10573.616951 1682.803030 11353.477931 -12393.635314 4653.452947 -9064.161836 -3311.998671 -9233.861663 -7073.774413 -418.208200 -10477.828355 -77.181018 -12167.764673 -10908.686628 -1636.253101 64475.988867 -1411.070231 -7718.010141 -3095.140261 -8247.016001 -3321.049688 58.797216 -6473.988306 -3981.426862 1744.067892 2309.711792 -7170.378422 3024.178768 2932.821107 -8592.374218 -5801.791729 8165.960932 6742.111394 5114.833294 -3613.567426 -6213.065270 -6169.908857 263.924483 -7983.777718 307.107192 -7217.472506 -3124.289884 -7964.268183 -1366.848469 -10365.533490 -10348.069287 -7007.279876 -3733.973554 -2788.773814 -4590.640407 84.485079 3725.857616 -6644.434304 7217.894480
5070.673707 5334.468404 -1907.902755 177662.167267 9158.813891 -2023.971494 -9789.658025 -7343.110558 -4080.753809 -2340.393344 1533.074890 5377.519506 -12281.219677 -9416.658164 2360.501861 -4827.353219 -1696.494551 -8539.119608 3028.902935 -1037.923839 -11070.582340 -6387.292728 -4270.354831 -625.819120 -12297.898392 -1670.635433 -4601.782834 -7318.802923 -5153.778754 -1154.096989 -9033.325058 -1729.708763 -12442.298313 5056.647909 -4274.180892 -1941.858895 -609.114971 -5403.808657 753.511271 -1050.891004 -5860.232127 -8132.792646 6553.947897 -4870.833171 10501.571518 -12676.646266 -12375.264574 -4519.107313 -1718.883621 2111.803230 -9183.733188 30530.629300 -7632.745895 -4153.816944 20271.874616 -7305.032774 -1902.201028 10826.805508 6895.766485 -10907.474835 6032.580963 4110.542533 -10817.977926 -10275.522496 2347.753745 -3883.571924 -1384.779036 -4002.279181 -7921.184426 -7620.681971 6480.461658 -7247.161665 -1343.525214 -7604.549183 -1047.908185 -3474.146542 2786.933451 -4806.341283 -12100.886850 681.913475 4669.285919 3688.782085 -6050.802100 3944.041604 4348.072604 -8403.593301 3425.417371
-602.899277 107.014939 -506.190539 9158.813891 179210.571966 -206.951540 -4134.190282 93.050623 195.592561 -6319.993312 5906.323520 2726.008302 -5435.302392 -604.116922 7356.947141 -3260.314258 -1848.699806 -4435.020589 940.284699 -4408.322035 -2994.474866 3515.228403 -1299.093942 -5837.352481 -7971.819745 -2402.785439 -5158.403482 -1589.781647 859.038393 2117.704254 -8014.471790 -4324.142558 -9811.730062 -2773.871452 4057.981806 -2109.817008 234.704839 -660.458656 4396.081974 3347.508002 1122.180710 -10498.597877 -7986.774166 -3131.026247 -1560.650304 -2771.625512 -7816.022265 -5754.149682 -3149.140706 -1662.374539 -8798.860196 1752.745482 -4672.673812 -4466.632139 2390.366209 -5741.285025 -1217.416226 -6666.963581 -4572.531254 -1576.401786 -5024.106628 -1584.962841 -4496.145818 -5751.164099 -706.081075 -4399.496030 688.316125 5098.553759 -5381.620542 -5262.271450 -7813.148011 -5792.746195 -4526.459269 -6037.248338 3522.480069 7389.170033 -9681.353168 -3261.674066 -3564.832969 5824.543348 3641.162362 -7429.970700 219.063828 5761.644712 -533.086999 -5539.621206 -6093.763150
-4954.728346 -7130.425643 -4147.876901 -2023.971494 -206.951540 173111.760662 2563.678013 9916.147664 -1409.531574 4231.681184 -1159.329712 -7935.056333 4895.863250 1813.935009 -5053.444103 -11352.141269 -7539.703789 10455.673936 -5878.250736 -12737.622525 -495.711793 807.029660 12321.733509 -8219.098707 4415.055134 -6416.323297 2366.384526 4096.016896 4116.492883 5174.225775 5624.394796 -4757.068631 3946.144565 -3080.553912 -3990.813500 -4998.776475 414.660818 -1388.567580 -1393.865728 -2195.289718 9888.560645 -1230.254813 -11735.157892 -11493.546046 -2752.602017 937.502887 4568.209878 -4405.290386 -9168.733230 -3461.592574 2673.678525 -519.903889 971.574100 -3593.559549 -2628.027584 -934.513248 -1871.381935 -8050.375647 -12169.296304 874.743351 -10424.776614 -8892.198540 4519.179192 4542.379977 -7692.782369 -3054.068216 -2033.893346 -4019.153909 -5153.612885 -5227.435521 -7411.898109 -185.994090 -3541.859958 -1089.349861 -2267.700618 -3743.900384 -14036.867253 -11351.354900 -2753.467140 -3339.670422 -3160.781014 -9237.311346 9106.587822 8238.058762 -5511.164161 7721.442477 -7704.216823
-7393.541733 -9600.048216 -1763.163370 -9789.658025 -4134.190282 2563.678013 167588.088302 -2184.777019 7665.097462 13970.455173 -4897.704443 -12472.470364 19676.089191 479.262556 -5650.493658 -17231.105110 -8598.902772 10075.114818 -8316.758685 -15848.873266 -359.231950 -1824.320792 -296.549618 -8674.434711 -7899.642670 -2107.717524 42134.936103 -4966.808919 8363.745461 -31.094828 19060.980463 5693.759300 19275.262626 3544.932295 -10397.400357 4623.621481 -7104.276636 -1854.806095 -458.866623 -14179.878878 4292.114583 -10991.265156 -12583.993486 -17324.827310 -1515.464849 -547.751806 -7593.373034 2006.299948 -1538.984119 -3848.162165 20843.833014 -10078.131052 3081.376682 17692.244332 -9894.953593 -7961.276297 8568.210683 -9650.693137 -10513.922424 -2300.256586 -9270.354610 -7590.799393 11807.084677 12242.863383 -4495.605791 -4481.291317 5340.499722 -166.696361 -9301.944961 -9522.645868 -8398.295291 -10793.068369 -4887.585507 -9003.210122 -14355.918561 -1940.875507 -10951.250237 -17271.746459 -653.244385 -296.215050 -3564.702617 -10205.110553 2398.356693 637.587950 -9464.023927 14302.294458 -6933.432925
-695.464132 -1172.149749 -4290.893231 -7343.110558 93.050623 9916.147664 -2184.777019 174153.444735 -2533.422749 -3972.445151 -2270.223659 303.406124 -5483.638499 -4575.673420 359.440257 -8804.512191 -4529.994177 -2567.842960 -3697.475926 -6402.985011 -5664.221617 -2363.794619 -1116.081716 -7365.211370 7502.051733 -5617.349817 -4702.797327 104923.976109 -3197.693517 -6796.944582 -5055.871433 -13201.839948 -4331.500327 -6488.610571 2724.107348 -7218.484039 -7618.936557 -112.291572 -10126.420437 7051.420346 -2670.576382 5996.314035 -7828.622633 -8766.657965 -5408.473333 -6744.453470 7722.428713 -7314.340115 -7424.257687 -1171.362998 -3942.628739 -9839.424258 -5752.037926 -6831.410482 -5248.386521 2345.944161 -5067.502256 -8063.908744 -9208.787964 -5710.811902 -759.796897 -8991.742132 -2909.130610 -3482.299172 -5814.388630 -5028.497479 -5496.374481 1882.669916 7600.125387 7614.569359 -8850.993491 2583.532069 -3839.351431 2272.389646 7166.421639 -1552.623903 -7787.129980 -8749.458652 -6550.889434 -6262.085199 -4769.064928 -10026.070531 8950.596730 1660.884912 -6693.938523 -2829.196064 -3933.588713
-27.860729 -4153.805817 5373.770654 -4080.753809 195.592561 -1409.531574 7665.097462 -2533.422749 173623.217797 5069.829518 -1875.355850 -5052.021475 2077.713963 -6619.985712 -2080.115181 -9054.373564 -4659.582557 -626.477017 -334.624500 -7691.059775 -10229.256970 -892.706317 -4314.427582 -214.647308 -11362.116568 464.464516 6613.054135 -5112.561550 -1906.589952 -3260.720692 1978.877294 3740.440341 4898.042217 8305.995422 -8330.507241 5747.693614 -186.221396 -6529.258507 -2369.923886 -10323.355143 -1224.373618 -14343.757850 -3551.466661 -9081.168389 5056.326971 -10647.363134 -11443.603775 1978.593552 3066.650108 -1980.089388 4408.827771 -1269.826888 -6817.417233 11885.974904 -4852.643868 -13267.128675 10362.616160 -1986.001775 -4019.638813 -8908.071771 2681.141380 5291.694757 -758.351555 1198.048148 2789.760316 -4030.466743 21959.765021 926.824918 -13672.922320 -13609.768763 481.292961 -14094.110497 803.659837 -12472.122089 -10195.668644 -1652.673664 -2611.818684 -8842.628538 -11448.435589 170.609264 524.413827 -2473.506031 -2502.111862 2666.588859 -898.101392 1941.832470 3938.090911
-6865.344149 -14979.082455 -5022.156855 -2340.393344 -6319.993312 4231.681184 13970.455173 -3972.445151 5069.829518 171812.430662 -4206.498163 -14390.497754 14439.544595 14199.362994 -5759.264179 -21456.801937 -11940.237158 13801.360812 -8989.631341 -18880.420217 10655.972818 788.650564 1637.593121 -11003.594161 -6909.998267 -5563.183106 16911.469747 -6179.915477 15698.470213 9130.718152 9625.023965 9131.556294 9396.415533 -1366.767889 -10799.114732 -4554.126958 -6698.787965 -325.564098 627.619612 -10843.831078 8699.082368 -6018.136330 -13872.936941 -21609.872937 -1612.560649 10702.750908 -7008.968868 2013.753908 -4176.149552 -5776.620901 10675.013525 -8233.321416 13267.384870 18209.684921 -7066.099073 -4636.837769 12751.084803 -12990.619715 -14232.777782 7853.198898 -9295.332558 -7945.448125 10959.154655 8096.886159 -8652.108950 -2150.153360 1950.882057 -329.615166 -8505.454270 -8434.936404 -7720.587704 -7052.210129 -5485.657482 -6432.871494 -10872.144822 -6874.164680 -13293.209339 -21383.979875 8377.865084 -1094.132256 -1301.536787 -10456.434600 1774.435217 1287.536457 -8700.716534 14358.276419 -9521.898993
-3629.904798 -3454.551718 -2292.953439 1533.074890 5906.323520 -1159.329712 -4897.704443 -2270.223659 -1875.355850 -4206.498163 180931.493077 -5800.058878 -2925.847407 -6483.022518 7998.400776 -10425.756267 -336.282415 -5099.695942 -611.441181 -7933.758803 -8770.153502 2676.344900 -3391.922126 -2043.833493 -11874.218459 373.629238 -3755.665950 -3270.759344 -4462.796894 685.234079 -4552.985733 -2062.191454 -5119.421157 860.850131 -4977.363172 18.433162 13545.031085 -3743.812118 8554.103597 -643.997030 -3012.752543 -10176.830639 -6584.501290 -10388.967476 4986.725705 -10904.488051 -12104.267579 3796.581500 -645.099176 1402.909693 -6508.406803 5366.432183 -5871.853528 -4877.685131 -263.389366 -10545.093746 -4355.903581 3933.862380 -3601.122918 -9997.380689 -2549.751288 -2582.526019 -5888.308247 -2145.230904 5404.313573 -4020.773754 573.435166 8825.052168 -10205.076582 -10249.715351 154.880168 -11843.710840 16075.529797 -10082.773274 -541.591163 9155.715213 -76.897309 -10316.579855 -9670.817753 12862.327873 12331.086086 -333.340066 -3693.101169 -998.627174 1798.663734 -5678.921497 3036.556688
2746.073608 34762.465904 -9136.827426 5377.519506 2726.008302 -7935.056333 -12472.470364 303.406124 -5052.021475 -14390.497754 -5800.058878 181310.553764 -16916.547972 -16582.359337 2095.752016 86385.328959 38461.239688 -17676.206948 -589.900078 71923.805980 -17459.835023 -7224.681876 -9622.806113 -4887.240786 -16398.616974 -10502.950388 -15257.570243 -1905.515283 -14078.778621 -5097.104909 -17888.274850 -13366.250700 -19028.207481 -7040.185764 -4207.119511 -8312.879903 2296.797459 -12315.760503 -9302.957487 238.940830 -11053.340997 -12956.505979 1816.560452 86351.729053 -5826.598928 -17962.849286 -16502.262566 -10998.082446 -7810.243779 3449.320077 -16289.502952 10480.056703 -16057.509754 -15081.950320 7389.767841 -14514.214142 -14357.105853 -754.041168 -1912.489313 -16955.335043 3883.169448 20103.964462 -17516.034125 -16530.272944 -3560.862770 -9079.467960 -4544.766286 6992.230318 -14608.000150 -14463.048719 -1879.790783 -13727.365383 -8445.070279 -13370.788280 274.302535 6165.807043 -1029.833959 85901.966901 -17528.190228 -7149.062421 -6918.166940 -267.162369 -7137.691082 -714.427597 -2620.050418 -16158.716446 -4707.282327
-9279.700310 -14744.659266 -6444.976677 -12281.219677 -5435.302392 4895.863250 19676.089191 -5483.638499 2077.713963 14439.544595 -2925.847407 -16916.547972 170937.538142 -70.475415 -6142.862536 -20739.728363 -12484.857177 22053.217233 -9911.506135 -17292.519029 -512.824920 951.651958 2668.991339 -10940.086285 -8218.329741 -6421.009166 22565.995220 -7610.585631 14148.403493 9521.507944 33755.005932 7785.000403 37267.340063 -1996.376174 -14189.812379 -1019.870298 -3333.762358 -5471.307725 2221.520084 -15604.993110 6907.197453 -5917.048162 -14329.291192 -20666.709480 -3903.517983 -697.923656 -8129.528385 6462.255108 -7090.495817 -10898.596360 38057.019654 -8924.332077 4953.795286 13071.593112 -13213.920380 -8273.014616 12186.190811 -14133.397078 -10075.701601 -2266.896089 -12536.129165 -10210.782393 25134.171537 23064.972996 -6308.449501 -5242.139383 -211.228509 567.304391 -10021.511066 -10006.680630 -13535.716692 -8827.832957 -3009.252792 -8399.785860 -15545.385614 -4024.864066 -14183.202363 -20535.142930 -1607.668972 2833.527451 -2978.224842 -12924.681130 3011.342421 -566.211590 -9894.649091 21604.695269 -8256.737236
-12459.103118 -21791.125160 -8256.612871 -9416.658164 -604.116922 1813.935009 479.262556 -4575.673420 -6619.985712 14199.362994 -6483.022518 -16582.359337 -70.475415 174007.168639 -5949.325480 -20832.999702 -12950.652827 2645.395311 -13643.976371 -21971.599097 51872.033127 377.991330 907.499964 -14701.799164 11830.854247 -9445.718456 -1882.969310 -4866.680007 15973.099139 3529.499674 1866.785490 -4552.686991 -222.678281 -9457.599863 -6139.207149 -6158.490467 -14264.928258 8245.113223 -5715.974605 -5935.082080 8402.234817 918.195913 -19461.698639 -20869.180729 -10676.284556 63163.968716 12161.412011 -8924.138073 -8159.444212 -9494.087184 -1047.071544 -4363.810435 44181.102320 1463.173293 -9759.581089 10799.495429 -829.691546 -14076.160465 -17550.008513 52421.195518 -15375.994447 -12669.279249 908.375524 75.731170 -12138.237235 2190.374194 -6342.279522 -8607.346781 2579.076512 2459.698718 -14808.986214 8683.641505 -10303.319908 12027.680035 -5887.712469 -8579.502609 -18873.329037 -20753.895623 56744.879426 -6201.599089 -9931.280096 -17094.384938 -2009.928571 -5286.944690 -9645.233967 2118.841131 -13775.164765
2834.136282 4734.177826 877.411131 2360.501861 7356.947141 -5053.444103 -5650.493658 359.440257 -2080.115181 -5759.264179 7998.400776 2095.752016 -6142.862536 -5949.325480 178293.046262 1767.807574 -6330.414731 -8265.636747 410.486669 1997.745319 -7137.188439 -2588.691354 -2194.288313 2093.254933 -8127.644528 -4139.043063 -7314.061970 -7.354766 -6905.272317 -4283.594529 -6740.421445 -7586.402907 -9512.691978 -2532.139274 4614.742996 -577.788178 -4884.426110 -3836.972993 388.071192 7223.949224 -3035.250373 -7010.800252 -3636.131751 1855.042274 1245.674886 -8900.359427 -8448.806267 -4268.579912 -4978.201365 1214.255123 -7029.253118 6519.533184 -9816.102976 -7454.468243 6361.403141 -3896.524579 -4381.235825 -848.503956 5346.892137 -6485.243135 -1965.338275 -2415.134732 -8153.920621 -10874.495053 -3200.372872 -4260.436120 534.837390 3894.783857 -5674.425485 -5593.150173 -870.419847 -4996.666251 7410.961183 -4294.563381 7121.756539 -694.525225 623.733126 1767.026361 -9256.207364 -195.769423 4993.171822 -2345.347577 4858.323178 242.634244 -894.017513 -8729.741783 -1192.368254
3270.060266 54153.326970 -10500.603334 -4827.353219 -3260.314258 -11352.141269 -17231.105110 -8804.512191 -9054.373564 -21456.801937 -10425.756267 86385.328959 -20739.728363 -20832.999702 1767.807574 187546.014625 70498.975234 -21106.844905 -815.347304 131701.816775 -23147.653942 -8944.910850 -11702.702965 -4463.163269 -18601.630270 -16527.243052 -18425.083203 -10126.514682 -18613.022828 -8318.243267 -21026.319830 -15618.677737 -24737.429888 -13618.178047 -5074.837291 -12119.784299 -2084.869201 -16969.511424 -16165.541066 -4924.924993 -17481.691363 -18899.134096 -1408.368647 178572.560709 -12576.383530 -22490.523079 -18864.290296 -16557.452915 -13237.462571 2740.319015 -17513.758097 4672.650334 -20968.787150 -18867.489348 2227.091554 -17682.698795 -15484.575237 -274.217690 -1114.665079 -20067.268292 421.752403 40209.855770 -24504.713366 -19535.995448 -6695.611266 -13789.057857 -11444.347550 2600.522375 -18538.884552 -18537.880243 -2468.165449 -17580.409670 -10018.040545 -18316.416067 -5008.084296 -541.109169 -3582.283429 177887.830928 -21443.527741 -16720.084392 -9019.346794 -3008.109842 -11696.984437 -9341.933292 -7432.621084 -21349.974435 -8975.442858
-1859.275191 11883.223378 -6299.686823 -1696.494551 -1848.699806 -7539.703789 -8598.902772 -4529.994177 -4659.582557 -11940.237158 -336.282415 38461.239688 -12484.857177 -12950.652827 -6330.414731 70498.975234 199408.799441 -6185.261261 -3798.301248 44764.015898 -17075.323781 -4768.934941 -6924.424046 -6433.935177 -14416.678582 -6616.445154 -9004.006997 -5295.287656 -13542.792568 -5003.882930 -11871.603952 -11037.993327 -11333.664800 -7919.746049 -8986.823211 -4788.281487 16137.948536 -8118.532747 -2416.145285 1326.117006 -12115.553358 -11716.754740 -4646.476818 70474.707489 21408.484962 -16017.693964 -15127.408949 -4412.902653 -7192.135092 -3639.157001 -12157.336714 5766.988963 -15506.564700 -10010.584636 7076.773142 -12782.668691 -7332.031051 -2074.014497 -5262.130328 -14037.834009 -4122.186604 1705.576306 -12953.592708 -7151.461710 -1889.747498 -10249.355293 -7474.048340 3770.927233 -15460.949641 -15562.609218 -3915.715643 -10494.585728 -4820.433543 -13539.726902 1651.921550 9214.381986 -7018.626931 70372.429071 -17111.877147 -6327.038663 -1470.303654 -5228.540759 -7284.521948 -4426.789325 -1363.657893 -10372.488680 -5040.155683
-10520.004461 -16321.562191 -7356.968338 -8539.119608 -4435.020589 10455.673936 10075.114818 -2567.842960 -626.477017 13801.360812 -5099.695942 -17676.206948 22053.217233 2645.395311 -8265.636747 -21106.844905 -6185.261261 175449.411326 -11243.036113 -19349.328393 -326.046662 631.040753 4622.414247 -11035.955350 -6013.147304 -6586.190461 11784.657344 -5384.348878 18995.101556 10609.087062 19599.207439 3688.142493 26449.830587 -3475.963084 -12469.382856 -2491.605013 -4913.713653 -2156.783758 8120.717533 -12366.884301 11818.373840 -211.810169 -15717.969258 -21263.417308 -905.404771 -1432.389459 -6577.500495 3323.414650 -5182.869933 -10871.528201 21062.099602 -6653.179454 4510.502397 9273.761019 -10944.991344 -4792.922492 9161.125228 -12242.685927 -13511.105135 -1728.955608 -13405.313960 -11669.188851 23235.707461 18978.304335 -8434.207465 -3591.761093 686.825293 -3468.500684 -6598.371356 -6700.878557 -11280.756527 -7801.376021 -1046.436329 -5332.868624 -12263.506790 -3.950300 -15338.035523 -20898.095211 -1980.059513 116.170422 -3053.264877 -12603.526743 5679.424614 2627.787453 -7104.150784 31697.468502 -10027.331715
57177.215466 12452.144416 2679.635998 3028.902935 940.284699 -5878.250736 -8316.758685 -3697.475926 -334.624500 -8989.631341 -611.441181 -589.900078 -9911.506135 -13643.976371 410.486669 -815.347304 -3798.301248 -11243.036113 176834.352005 2406.376912 -14086.090771 -4193.890299 -4972.700024 17115.389392 -11177.960531 1703.631907 -7549.587323 -4749.711652 -12109.907033 -4954.190069 -15994.848557 -7659.519268 -15484.669203 5811.675123 5483.283541 2554.797108 -10215.741232 -8840.567319 -7280.900964 -220.618351 -12804.938195 -11980.342062 17295.943417 -1027.343611 4901.950245 -16605.500431 -11465.543004 -3592.946520 526.715437 7529.144416 -10679.493708 -121.842752 -13989.994909 -9858.543369 2045.792704 -12191.006131 -8964.826116 14554.073105 18671.637942 -14079.236048 18713.210472 -396.555394 -11712.413534 -14098.663724 4180.075869 -2450.588674 2655.286611 1321.127120 -10445.608414 -10348.444545 16553.729306 -11084.472253 879.090161 -15201.169501 47.958371 -5133.293417 17118.719949 -850.169591 -15634.355343 -3574.704585 -2283.592591 11478.544686 -6836.331039 2185.487857 14896.745318 -11100.732230 1680.394745
-993.242136 84994.689129 -10949.274947 -1037.923839 -4408.322035 -12737.622525 -15848.873266 -6402.985011 -7691.059775 -18880.420217 -7933.758803 71923.805980 -17292.519029 -21971.599097 1997.745319 131701.816775 44764.015898 -19349.328393 2406.376912 181722.576786 -21948.878404 -9805.463450 -11744.129320 -4024.860258 -21031.262679 -14853.690701 -16495.151264 -7922.993005 -16709.471716 -6839.542796 -19773.956942 -11760.389635 -22001.960691 -9496.994938 -9958.298792 -9245.404719 -6565.509344 -17896.314840 -15855.853202 -8333.267607 -15292.988208 -18529.738848 7531.667952 131843.582102 -9028.431781 -23603.993318 -21397.446044 -12336.759903 -12966.058233 4442.819673 -15318.927969 6071.538647 -20932.326263 -18005.393527 -2304.063249 -17734.815306 -13062.747266 5311.970060 3276.962402 -21591.428783 10029.037143 38291.725250 -20849.359771 -17840.077568 -1004.058605 -12926.334510 -10218.042719 3831.826949 -17313.297168 -17399.492205 5790.981162 -18233.574670 -8079.532013 -18828.000163 -8436.363329 2482.573490 4521.855405 131279.290345 -21605.784400 -13673.828269 -8752.444713 2361.523959 -12784.368439 -9315.022864 -6264.523536 -19593.190365 -3595.643957
-15575.046478 -19566.621868 -9044.483856 -11070.582340 -2994.474866 -495.711793 -359.231950 -5664.221617 -10229.256970 10655.972818 -8770.153502 -17459.835023 -512.824920 51872.033127 -7137.188439 -23147.653942 -17075.323781 -326.046662 -14086.090771 -21948.878404 175597.788000 -1974.059575 -1654.867910 -16847.916649 9862.978264 -10112.586361 -1434.114970 -5053.424311 14459.052868 4695.423675 -2021.147426 -5312.324080 -2467.368777 -11829.188366 -10953.959250 -7345.409492 -15108.289807 3484.308158 -7467.955717 -10380.988892 6312.660517 -4483.357103 -19301.432891 -23330.365692 -11273.061643 108829.358451 10225.866382 -10760.479837 -9133.130271 -9395.626485 455.402147 -6423.624435 42598.452782 420.585187 -11354.934918 9268.093182 -1139.423668 -17221.223284 -19714.230393 81847.582740 -16241.474729 -13157.107259 -1014.061911 -3394.487564 -12254.568518 -372.737210 -10123.659560 -11943.358870 -1665.796270 -1540.676556 -14753.910166 7155.763072 -11483.440842 8998.999847 -10279.245039 -10711.790974 -18186.792970 -23072.990317 116470.735589 -8279.827137 -7222.914402 -15986.884559 367.890390 -8709.162504 -12030.963381 2974.041413 -15169.018486
-5077.479626 -10827.644598 -4515.417366 -6387.292728 3515.228403 807.029660 -1824.320792 -2363.794619 -892.706317 788.650564 2676.344900 -7224.681876 951.651958 377.991330 -2588.691354 -8944.910850 -4768.934941 631.040753 -4193.890299 -9805.463450 -1974.059575 176061.726584 20046.808607 -7662.019704 -3368.910798 -6259.386373 -667.039565 -809.258114 4149.598506 3165.634901 -1370.048306 -1901.268744 2284.358966 -3685.090707 2087.746081 -914.667089 -3442.413099 -1890.937892 648.026153 -2380.701249 5096.022797 -2452.233051 -10553.509414 -8979.002438 -4326.291479 -2054.019668 -3266.045871 -3279.777852 -3911.538876 -6542.320817 2178.079759 -3538.461027 -1727.262958 663.546830 5823.660446 -335.744431 581.961392 -5057.156821 -8522.799504 -3184.784569 -7786.247011 -4659.866860 -1817.981193 -333.359764 -4168.695595 -1751.483309 3680.351059 -3870.037535 -4873.280465 -4950.065240 -4359.724009 -1618.203085 -3066.581265 -397.558007 -2374.859987 760.039546 -9118.957184 -9146.212151 -1873.113685 -2403.106290 467.567837 -7841.617919 12195.776117 6620.843490 63.694302 -325.514955 -6114.936623
-5316.852786 -10184.444909 -1263.409823 -4270.354831 -1299.093942 12321.733509 -296.549618 -1116.081716 -4314.427582 1637.593121 -3391.922126 -9622.806113 2668.991339 907.499964 -2194.288313 -11702.702965 -6924.424046 4622.414247 -4972.700024 -11744.129320 -1654.867910 20046.808607 171304.750306 -5938.332216 -4228.300825 -3229.332855 -681.363707 -3482.243504 2452.794995 3392.371689 3091.207221 -55.634236 3514.915332 -2622.711501 1520.430292 1573.315808 -11188.063838 -4268.102142 -3514.197700 494.803226 6321.776824 -6901.388244 -8000.432969 -11924.913585 -4358.467853 -2541.068616 -3945.600407 -164.449953 -5393.254373 -1737.906528 2099.930170 -3720.064822 -2261.222216 -1504.766326 456.630413 -5292.555541 787.733408 -4903.825885 -5810.780135 -5405.134681 -5394.216581 -5752.249289 815.349612 1277.150576 -2137.823729 -2189.412380 -2459.584308 -931.747193 -4291.931974 -4180.300405 -5288.168739 -1655.948536 4237.788757 -4683.319269 644.137878 -2796.762524 -9666.830987 -11812.012876 -703.687459 -751.711200 1499.414883 -7282.449631 13848.714958 7320.608678 -4464.287381 4296.090982 -3369.341653
12763.126995 6132.127971 1628.821471 -625.819120 -5837.352481 -8219.098707 -8674.434711 -7365.211370 -214.647308 -11003.594161 -2043.833493 -4887.240786 -10940.086285 -14701.799164 2093.254933 -4463.163269 -6433.935177 -11035.955350 17115.389392 -4024.860258 -16847.916649 -7662.019704 -5938.332216 179681.937154 -12317.923030 18.212671 -9329.685027 -5234.098430 -13652.441190 -12067.004424 -16427.110246 -9863.020460 -18255.798291 4410.868021 2362.809376 -40.070743 -14654.580309 -8854.142206 -6674.919567 -4683.870760 -13956.651460 -14800.894601 75368.200915 -4248.142752 -352.584405 -19971.384799 -12535.327328 -6887.352320 -2588.065705 1393.051791 -10707.425874 2431.166489 -13841.018529 -7888.007820 1743.285454 -14103.517767 -10041.282248 19283.630330 45329.080213 -17429.880229 26864.628632 1194.732071 -15759.525577 -15194.429539 1392.193882 -4845.629452 731.250811 -9536.810417 -10772.991313 -10649.880554 44037.438792 -15123.310369 -442.775457 -15801.226250 -4542.818550 -8029.332461 71408.001057 -4266.570989 -18487.386819 -6054.727321 -7073.617148 49690.562367 -4680.638754 -3412.182006 10337.599317 -11632.335930 1220.319528
-10495.286475 -22394.624432 -10748.590200 -12297.898392 -7971.819745 4415.055134 -7899.642670 7502.051733 -11362.116568 -6909.998267 -11874.218459 -16398.616974 -8218.329741 11830.854247 -8127.644528 -18601.630270 -14416.678582 -6013.147304 -11177.960531 -21031.262679 9862.978264 -3368.910798 -4228.300825 -12317.923030 210526.544005 -11784.523761 -13063.744484 12569.111755 -1286.692818 -8237.737443 -8667.933741 -12577.226123 -8743.078873 -17184.177031 18771.279180 -12579.357637 -17255.044993 4989.773803 -12410.101564 -1364.456576 -1483.783122 39774.209273 -17636.536357 -18613.057353 -17142.059765 15727.824459 191311.259488 -10993.004105 -12023.373282 -8931.617195 -11287.627702 -10976.343977 11335.004150 -9503.374762 -8316.742405 33749.892132 -8696.615570 -13374.401144 -18455.299641 12793.659996 -12755.537318 -15362.011918 -7670.343841 -8240.225281 -14769.843688 62.231325 -12974.145721 -16739.694688 38190.303614 38064.892250 -11913.717231 42050.626517 -11289.047415 39325.625519 -1218.879786 -14235.404055 -16275.330551 -18207.562444 14156.982213 -14464.075175 -14249.733756 -15085.198650 1579.318832 -6779.154894 -5435.037938 -6248.349591 -16233.672055
157.145318 -3188.013181 46625.590112 -1670.635433 -2402.785439 -6416.323297 -2107.717524 -5617.349817 464.464516 -5563.183106 373.629238 -10502.950388 -6421.009166 -9445.718456 -4139.043063 -16527.243052 -6616.445154 -6586.190461 1703.631907 -14853.690701 -10112.586361 -6259.386373 -3229.332855 18.212671 -11784.523761 186069.884677 -3642.471476 -5548.959872 -10962.854747 -8002.540735 -2638.590719 313.333279 -5780.430700 11041.895507 -1487.652772 9754.517281 -6306.432774 9895.700313 -4958.662502 -5289.094641 -7929.577541 -5214.005155 -43.336558 -16690.683025 1870.177018 -11757.874215 -11958.081477 276.256893 60976.816520 -1129.883056 -8480.840875 -1938.252877 -7891.167949 -2245.508349 -949.232070 -6373.711484 -4716.807794 3013.019219 1637.786246 -9702.786484 868.565604 2918.197871 -3175.700538 346.556761 9195.506053 9687.636160 5639.884723 -7591.319170 -7320.416783 -7057.863368 1655.871743 -6617.835558 2588.985692 -7815.215270 -5350.911368 -1069.441485 -566.475861 -16416.714932 -10721.413825 -2083.847603 1097.613328 2504.219956 -7662.728167 -5549.801059 2615.492222 -8395.456868 9168.118461
-9055.994618 -13267.319370 -3974.410769 -4601.782834 -5158.403482 2366.384526 42134.936103 -4702.797327 6613.054135 16911.469747 -3755.665950 -15257.570243 22565.995220 -1882.969310 -7314.061970 -18425.083203 -9004.006997 11784.657344 -7549.587323 -16495.151264 -1434.114970 -667.039565 -681.363707 -9329.685027 -13063.744484 -3642.471476 170756.703256 -8062.207852 8005.283600 5327.237652 16750.226065 12177.200943 22376.842784 5545.554156 -10108.401447 -301.677699 -2931.070585 -2584.792349 2710.274389 -15882.377782 4056.842461 -10484.602861 -11810.718682 -18664.547284 -518.869168 -3776.632586 -12977.822272 7084.159038 -3730.563229 -5316.811695 18205.293067 -6970.166222 322.433584 21880.987525 -6411.093938 -11061.605961 11894.752192 -8149.916351 -9680.113368 -4328.780640 -9351.771839 -6253.979784 17572.763916 17446.509116 -4827.914736 -3304.263591 3913.840730 -548.320138 -10092.928150 -10248.869503 -8831.111181 -10903.323417 -4409.637618 -12579.576332 -15967.441770 -2897.010566 -9908.361312 -18434.301130 -3918.287123 -559.806170 -2059.852853 -10255.365252 -1257.400411 2054.019293 -9360.721407 15345.414050 -6816.594751
-4431.910441 -4638.120087 -5064.216382 -7318.802923 -1589.781647 4096.016896 -4966.808919 104923.976109 -5112.561550 -6179.915477 -3270.759344 -1905.515283 -7610.585631 -4866.680007 -7.354766 -10126.514682 -5295.287656 -5384.348878 -4749.711652 -7922.993005 -5053.424311 -809.258114 -3482.243504 -5234.098430 12569.111755 -5548.959872 -8062.207852 176158.515945 -4993.719775 -7039.687931 -7411.164310 -12547.639378 -8194.947122 -9395.106243 8000.661733 -6741.728350 -8408.637224 2509.200379 -10249.686856 3944.305872 -2138.817263 10508.910778 -5370.523810 -10304.688064 -7622.544254 -5761.055652 12934.292418 -9529.878199 -7982.677615 -1521.069121 -6255.112162 -9088.224648 -5003.856914 -6757.984303 -4632.008945 9077.907167 -5610.072267 -7427.406230 -8324.536968 -5175.141109 -1276.691544 -9734.146516 -5331.249613 -7461.569160 -5584.518581 -1557.390975 -4517.767433 -245.631179 17158.164003 17424.776807 -7955.271339 12336.349556 -4324.483342 10862.519827 4148.070655 -3568.513130 -5441.482393 -10155.202443 -5736.628894 -7320.871557 -6546.461224 -7199.144626 5825.564935 -1070.569776 -5206.795711 -4833.756132 -5290.224143
-13155.619735 -15194.980025 -8817.099462 -5153.778754 859.038393 4116.492883 8363.745461 -3197.693517 -1906.589952 15698.470213 -4462.796894 -14078.778621 14148.403493 15973.099139 -6905.272317 -18613.022828 -13542.792568 18995.101556 -12109.907033 -16709.471716 14459.052868 4149.598506 2452.794995 -13652.441190 -1286.692818 -10962.854747 8005.283600 -4993.719775 175076.023343 16200.848940 10610.347627 5869.249104 14289.296351 -6827.052404 -10407.031011 -6778.155447 -6916.464364 362.776427 3258.847125 -9380.496517 16979.945729 -3363.746867 -18178.656167 -18790.266084 -7620.216033 15486.813140 -1731.811929 -449.076571 -6669.179661 -10732.446091 12679.929538 -5509.427575 18451.112632 6837.144647 -9069.296865 -4297.789232 6000.586885 -11984.623309 -16584.927392 12656.621969 -14346.026586 -9014.111339 13514.626783 10497.596524 -11098.864916 -1.900208 -1557.635148 -2235.763047 -5084.401252 -5198.597369 -11996.408108 -5706.567499 -4943.762305 -5043.898433 -9321.096323 -5927.348393 -17104.807887 -18536.837642 13881.971192 -3226.712789 -1354.905157 -11810.588539 4873.398402 2263.133338 -9351.788248 16641.322693 -10756.476840
-10988.338360 -12433.119862 -7136.791394 -1154.096989 2117.704254 5174.225775 -31.094828 -6796.944582 -3260.720692 9130.718152 685.234079 -5097.104909 9521.507944 3529.499674 -4283.594529 -8318.243267 -5003.882930 10609.087062 -4954.190069 -6839.542796 4695.423675 3165.634901 3392.371689 -12067.004424 -8237.737443 -8002.540735 5327.237652 -7039.687931 16200.848940 176461.515734 4353.134682 4115.177378 5783.140346 -4579.406751 -9059.053669 -5768.343760 15893.549830 -6217.525440 5397.295325 -5094.942541 4582.792459 -7916.431780 -12485.611209 -8457.792800 -5757.790971 2589.129161 -7986.202272 -468.147588 -8429.975905 -7189.575414 6796.841434 -1194.425190 2473.942680 1697.893464 3214.474609 -11954.998372 -4252.953074 -9947.186159 -11458.788685 3668.677626 -12791.344365 -10576.073280 12219.434130 6915.251173 -9486.128985 -3971.670854 -1316.098117 10949.863842 -10254.578285 -10506.900312 -10535.300441 -11641.872622 -2287.448041 -10202.391861 -5136.671918 13178.531028 -12214.399758 -8312.080564 3250.336316 8915.393421 6522.218329 -13106.232917 2892.009985 4420.827481 -9393.355120 9059.259998 -7303.849468
-15629.567900 -17555.619130 -9021.979081 -9033.325058 -8014.471790 5624.394796 19060.980463 -5055.871433 1978.877294 9625.023965 -4552.985733 -17888.274850 33755.005932 1866.785490 -6740.421445 -21026.319830 -11871.603952 19599.207439 -15994.848557 -19773.956942 -2021.147426 -1370.048306 3091.207221 -16427.110246 -8667.933741 -2638.590719 16750.226065 -7411.164310 10610.347627 4353.134682 173721.243431 9844.854166 43700.682134 2354.443981 -15753.620309 -3469.930713 1917.478629 -3653.483588 9452.771111 -15826.308814 10956.608080 -8849.262476 -17043.751715 -21075.670872 -1634.134521 -1026.515357 -8532.784545 9103.195835 -8833.561887 -10777.083305 29719.777574 -7860.545260 934.330198 13736.730068 -9110.364803 -7646.893456 11553.739084 -14337.762098 -11497.457830 1555.366926 -15518.483090 -10003.411789 31319.225846 31802.068202 -9373.992239 -4503.344568 3012.000926 -4766.685933 -9896.464890 -10065.747111 -13673.255068 -11339.733506 1125.103388 -9050.500455 -16047.988902 -208.172902 -16954.306187 -20964.353296 -1781.799597 6504.035137 1483.265135 -11557.110992 276.308622 1489.960330 -12932.250896 26851.864167 -2468.270523
-6701.636293 -7692.468035 -4234.109148 -1729.708763 -4324.142558 -4757.068631 5693.759300 -13201.839948 3740.440341 9131.556294 -2062.191454 -13366.250700 7785.000403 -4552.686991 -7586.402907 -15618.677737 -11037.993327 3688.142493 -7659.519268 -11760.389635 -5312.324080 -1901.268744 -55.634236 -9863.020460 -12577.226123 313.333279 12177.200943 -12547.639378 5869.249104 4115.177378 9844.854166 211670.605725 14058.000742 3821.576598 -10109.159355 -5425.371216 7363.600857 -6520.957910 9439.415248 -12400.246181 4295.856499 -12302.021111 -11193.420438 -15438.634116 3451.021243 -6617.299808 -12878.366575 19309.220532 -2440.310503 -4270.636663 10306.858269 -5070.797982 -5503.857737 12444.304641 -7625.519960 -9305.863566 6717.544791 -6405.111903 -9139.244063 -7103.041764 -7619.735631 -960.445286 15440.215670 15527.316884 849.386409 -4371.725300 3231.020446 2726.676260 -9513.923139 -9730.599233 -6362.958907 -11242.178246 9597.171836 -8948.012133 -12449.022575 -2268.179440 -9676.712616 -15508.926066 -4823.374844 4865.238719 2544.915291 -4581.842190 -3644.127801 -3255.703549 -6003.170264 4339.359417 4894.676712
-16887.715296 -18396.372283 -11861.070849 -12442.298313 -9811.730062 3946.144565 19275.262626 -4331.500327 4898.042217 9396.415533 -5119.421157 -19028.207481 37267.340063 -222.678281 -9512.691978 -24737.429888 -11333.664800 26449.830587 -15484.669203 -22001.960691 -2467.368777 2284.358966 3514.915332 -18255.798291 -8743.078873 -5780.430700 22376.842784 -8194.947122 14289.296351 5783.140346 43700.682134 14058.000742 197547.701737 -2387.368860 -14144.349571 -3718.311014 3086.452602 -3698.460143 7208.595497 -16517.168243 13254.822115 -6740.025207 -19007.375635 -24714.626851 -4374.955323 -3232.607100 -8485.638199 10775.312236 -10435.488392 -9685.935797 34402.629641 -11703.408982 4291.962558 16817.280240 -15414.664160 -7608.656280 10565.193277 -15602.974789 -13611.672119 -3180.695206 -16904.086010 -11521.102140 38668.569838 31928.744487 -8383.458408 -5150.535614 -1644.566299 1739.949215 -9551.139813 -9651.332151 -13488.216712 -12933.729810 1031.011024 -7240.914577 -16431.278614 -1672.959222 -18168.334547 -24904.362403 -4476.223694 6121.670802 -2150.643239 -12077.888202 806.132245 -1917.583345 -13546.785964 29978.858413 -4772.601167
5845.840847 1565.471168 10573.616951 5056.647909 -2773.871452 -3080.553912 3544.932295 -6488.610571 8305.995422 -1366.767889 860.850131 -7040.185764 -1996.376174 -9457.599863 -2532.139274 -13618.178047 -7919.746049 -3475.963084 5811.675123 -9496.994938 -11829.188366 -3685.090707 -2622.711501 4410.868021 -17184.177031 11041.895507 5545.554156 -9395.106243 -6827.052404 -4579.406751 2354.443981 3821.576598 -2387.368860 191386.003399 -10341.981408 12133.173200 -7093.741302 -5816.557858 -3644.055309 -12586.370106 -6460.092352 -14035.522985 5336.654252 -13539.665106 3439.569246 -15191.095934 -17633.404175 1660.269983 11461.986239 2468.851261 -1692.822430 -2496.643534 -9558.995957 4289.294478 4475.965776 -14572.388718 2633.965835 4489.239335 7120.749950 -10919.190902 6801.642505 5684.537621 -2635.006266 -1206.726954 10388.362812 -2597.386288 7953.355639 -2354.402497 -13745.653774 -13600.811981 6376.162656 -16189.982131 4066.470326 -16450.385994 -12538.069189 -815.440510 6007.392881 -13632.370465 -13166.296625 2259.355134 2016.521445 4424.631780 -4107.959707 -3193.921270 3366.062820 -918.773958 11513.217881
4336.259925 -8348.687691 1682.803030 -4274.180892 4057.981806 -3990.813500 -10397.400357 2724.107348 -8330.507241 -10799.114732 -4977.363172 -4207.119511 -14189.812379 -6139.207149 4614.742996 -5074.837291 -8986.823211 -12469.382856 5483.283541 -9958.298792 -10953.959250 2087.746081 1520.430292 2362.809376 18771.279180 -1487.652772 -10108.401447 8000.661733 -10407.031011 -9059.053669 -15753.620309 -10109.159355 -14144.349571 -10341.981408 225132.287858 -6742.075327 -10476.967699 11788.026142 -11826.687687 21640.985192 -11190.604175 16883.950694 892.028150 -5060.829211 -10661.294239 -12086.274529 18625.833015 -12702.868929 -4097.423754 -900.545524 -14262.931099 -4440.772902 -6963.269404 -8645.652134 1398.527681 10853.319556 -10303.524174 1637.662322 -1.627561 -6128.494528 -2233.496325 -8308.618402 -13715.848611 -12445.468349 -5658.530694 10903.939800 -5999.291932 -7526.957574 17260.661898 17404.423127 -1641.110261 20759.292426 -6730.935759 14505.352256 21660.974600 -8072.585294 -773.668568 -5204.318289 -10486.777935 -11609.103034 -10846.626374 -1332.301339 662.417479 -783.712052 5725.088619 -11596.729288 -7410.195597
