187335.157616 2233.948862 3697.425363 -3692.162346 4341.574850 -727.499549 997.362749 -2738.622073 -561.954061 -4657.906889 -2124.259880 -5120.071571 -1065.977824 -4771.388300 -5681.534455 2920.888257 -84.386816 -972.199225 -3933.094441 -3580.779381 -2497.944717 -5583.089290 3109.595753 -5883.481580 -51.314284 -785.994151 -234.217217 1063.329784 594.209030 4428.663437 -3373.549216 -780.240913 -5491.452752 -7632.991721 -4408.297627 -2095.783827 -9942.721794 -1898.006660 6732.026187 6839.088745 -9365.045506 46386.836770 -6956.368762 -1800.432017 1483.013004 -5251.719478 -446.297565 -4415.259509 -3807.533964 687.068957 554.283345 454.243013 -5032.468733 3991.009902 3671.370089 4628.837793 -1560.995033 -1668.354536 -4917.535499 2636.461667 -2632.199003 -1505.678571 -3453.440893 -6798.858169 1439.910687 -6137.807034 1541.926221 2072.533649 -5511.136457 -3902.946341 -370.218588 -4463.262584 1496.140577 173.524028 -436.617339 1737.881744 -5234.738636 12466.645748 -3318.681998 3573.681706 -2028.484536 -27.903987 -2579.764013 -98.757700 -360.054855 -1900.080210 -6845.265697 -7929.106649 -3790.423982 -1396.523574 -999.588672 -6372.790483 -7297.827009 -1933.920092 -1298.058960 -4756.638747 -2952.817085 623.264638 1830.331202 -2261.335243 -5814.166337 -2203.278823 -3633.596421 -5295.950429 820.431312 -5678.990777 1551.778087 -1693.420656 -1417.531211 -127.628025 5898.079204 -948.682368 -6076.501206 -4802.420095 -1203.268883 -644.940563 -5905.358430 -4411.501517 -3009.619384 -6116.068012 -3972.269592 -5516.612266 -6703.973616 -3828.537085 -526.167775 4722.778620 -3432.057570 -4674.858553 16153.474548 92.029734 -2198.182899 -3542.669877 -3095.262154 -4260.083282 1140.287935 823.104603 -5743.347543 2227.464896 1902.108024 -5090.630179 1711.590155 744.182365 1769.625933 -1973.542402 1781.002536 737.200998 5400.446322 -2779.148721 1037.950842 3242.825297 -6848.670096 -7768.886409 4122.365954 20647.628183 1285.922380 -5833.544181 -1126.836738 -1150.112806 2064.801441 1609.097123 -3514.859245 926.339860 1597.636260 -6360.084716 -2439.317595 -3311.077278 -650.410212 1193.442743 -6111.786463 -306.631500 -825.339779 -1796.870648 -2025.759696 6927.028930 -4809.753167 -2484.792205
2233.948862 176838.136809 -1902.946018 -8476.634191 -3783.017753 -3876.330845 1075.109976 10983.402861 -2288.406894 -851.424080 -4935.745431 -800.466571 2655.619837 -8660.317038 -1943.101118 4506.103107 4640.118619 2902.669617 3600.802631 -12157.613044 -7366.804421 -400.055051 -6073.367004 -10748.095679 -110.391594 4820.113894 9917.701195 -3321.170270 8423.279516 -2226.939649 -2567.749524 1724.993588 3032.698066 -110.616710 -3662.241193 -1190.010605 -3411.500905 -3345.697864 7323.685564 -2558.689868 -8744.503382 3603.495328 -5200.263761 -5122.525280 1568.529111 5860.239938 4660.312606 -7588.666946 -12341.122249 -2830.030900 2780.347956 8697.311658 -7346.561336 -2264.250574 -3303.369345 784.045227 2473.447115 2414.134998 746.459913 4848.561528 -5243.328711 -5192.404567 -12042.507542 -3695.481996 4106.386091 -3172.951800 2860.138340 7034.483665 798.018949 3733.112611 1474.133875 -244.069020 4839.028246 4147.140350 -2863.706159 -4576.190683 5106.980419 230.946492 -1675.012133 -4709.488555 -2410.678655 6907.657439 -1655.035404 -5653.588607 -3770.582071 3810.237015 -550.485440 -1974.986629 3392.148521 -7021.862445 -5125.369088 -1890.368616 -1929.901552 3839.727473 470.585179 -2915.874818 -3273.602790 2933.996571 -5483.663455 689.740191 -7712.076305 4099.235607 -294.683927 -1245.110753 3799.841154 -936.076537 3478.140621 -4330.150217 9270.294400 8014.440150 -3563.325156 3373.628803 -3624.080349 -2878.712110 -1113.564198 4440.113541 -4397.424933 -2819.964515 -2285.449420 -5983.041125 -5177.098177 -5418.069320 -2723.850697 -2553.781028 -5607.382544 851.075700 2608.783946 -7424.049868 -1906.235943 -3870.926287 -5862.469424 -12035.832072 5943.637744 3326.355586 -2700.395862 -6533.782898 -2616.047254 -1747.322611 2705.830255 655.351644 7607.919483 -1523.525360 1906.062425 1222.027233 -1915.962761 -6976.382179 2731.881396 -6097.585167 -5906.811927 -4824.650992 -225.104054 -2180.709223 -6457.174168 2333.936032 -5956.009154 -4369.463843 6425.538265 6104.169627 -4562.024168 7609.365157 -2213.134953 5004.492408 1757.830494 -4246.476621 -4922.705881 -12097.615508 1906.709788 3718.231796 -7378.422716 -6023.843727 -1486.556766 3317.153952 -1181.370502 -355.837681 1422.248623 -8279.988058
3697.425363 -1902.946018 179886.820690 11701.335507 4461.675174 7411.913509 1007.094954 -4674.108320 -6920.154071 1215.202439 1041.635559 -6329.147454 -2030.395715 7228.988883 -9109.664242 -10513.447753 -10139.163749 5174.596365 -1673.651695 8527.963002 1743.033439 -10975.717898 59757.828038 4031.185305 -12637.333652 -4321.114649 -4977.777819 15499.146797 -7929.116143 1499.663954 -8679.867590 -2044.347301 -12814.147528 -9932.876378 -15832.753161 -6109.547625 -17197.567149 6921.063769 6421.759597 2319.481305 -5416.297694 -6041.975772 -7527.817006 20095.258784 3547.023502 -12765.278244 -9957.322116 18750.968788 8548.365920 9930.605505 -15393.772019 -8097.152961 -2652.890612 4051.554022 8487.190878 18349.773239 -2629.233637 -2701.199849 -9966.827197 -11311.579184 15771.923242 2683.418207 8532.638424 -10540.176871 -5500.039759 -7347.478485 -1425.581075 -8579.039060 -10973.665042 -1093.589291 -413.696666 -5220.123996 -3637.181334 -7221.492996 -3684.035467 15532.482642 -9291.101439 4332.199114 1452.457363 3909.791753 424.702276 -4751.098774 -3921.802441 9652.957993 -2007.747804 -1089.696884 -11637.033529 -12413.245177 -5053.101104 -2401.306997 9380.045454 -12935.410424 -9660.338849 -6990.568812 2866.581069 -11527.277712 -1598.067810 -6303.648159 6908.499763 -364.114339 2779.519360 282.519973 -11881.653469 46.173951 -4768.656563 -7148.460610 1200.438064 2901.404998 -1732.276235 -2676.473087 3095.145496 -13578.577415 -8833.003431 -8787.270158 -3343.835817 -4996.700487 -10854.305477 -8416.918467 -1830.976191 -14057.887351 -8880.220435 2388.516399 -7616.186347 -7575.214521 11848.108398 7393.498874 -11735.994107 -2452.099782 6603.785058 10654.984119 21818.271071 8642.256917 -11852.111146 -4831.596518 8871.203130 7804.117190 -10672.407512 3780.592417 -10286.353459 -9697.842571 -9176.668357 6629.004919 -10256.083860 -5583.249255 17195.361229 17727.704940 -11692.525630 21776.630747 7941.209795 2573.107221 -12057.367930 -13658.431190 6115.610088 610.484145 2116.069038 -1057.075141 -7826.687719 -7519.986377 16208.901650 -7308.904999 1052.032677 -10113.839138 3827.304600 -6197.008081 17320.081437 8653.434748 -13235.890795 -10381.972393 -2153.414472 -2005.205986 9641.940665 -4110.806940 -771.956469 16820.066615 -11911.690671 5237.907541
-3692.162346 -8476.634191 11701.335507 182857.120565 2575.599696 9304.709729 3139.597310 -5262.864125 -7691.270831 2372.134150 -1576.382926 -12948.233027 -210.483755 41208.236968 -13124.311772 -18409.629298 -15498.992206 8664.631927 -4564.265356 61527.676941 17191.026085 -15269.426013 16690.704315 92064.852562 -15202.073203 -8543.382503 -8429.366695 10297.189198 -18399.248790 -354.535581 -11336.491063 -768.368819 -13355.259465 -9860.414548 -16212.558361 -5565.691332 -17186.385579 4163.659289 -4820.689124 2054.008694 -7900.095427 -10588.303222 -10330.894116 19644.153875 -2467.445270 -7333.525274 -15263.794364 26225.842615 61636.353881 931.382550 -17751.007781 -19098.752450 -7513.465309 -552.781219 13175.641014 11944.322636 -5160.209690 -5175.350765 -11754.603532 -18181.288888 22514.362441 14.948719 61208.432523 -14995.994109 -15250.952662 -10129.312725 -5021.235691 -15013.163431 -15796.665037 -6778.233427 94.538413 -8634.250977 -5908.493828 -10741.527447 -4546.986564 17065.760406 -11449.318905 -947.807041 -7202.125090 3703.592919 -1475.014739 -7888.356764 -4892.345386 14086.287116 -3275.745140 -7365.800680 -14242.155788 -16777.115294 -4176.462445 -2632.823162 30089.215349 -14458.297576 -15340.795641 -5316.167177 -5887.225336 -12139.757318 -5182.945594 -7628.120917 307.212458 -5684.792468 5669.924256 -8116.969180 -16162.976525 -9631.735005 -8990.056259 -4508.265418 -6451.980464 128.973500 -5206.701352 -10002.811894 2424.956573 -16418.510186 -10258.823845 -13469.173702 -5400.651951 -8477.667381 -10685.613240 -13841.091552 -4574.073974 -15575.469813 -9899.260766 -1364.823061 -10982.054459 -7436.023984 7748.367685 4864.387954 -16606.395016 -7411.309362 -1105.946941 9866.905230 25225.601717 61196.412443 -13482.062724 -4288.577927 2484.546068 14274.270486 -11789.969246 10951.991929 -16003.548853 -11711.277778 -15174.584962 3577.844121 -12505.343203 -7187.692232 20234.026530 18690.448578 -14608.130526 25570.601918 23233.843814 -2132.670088 -15403.290616 -16206.183444 12504.100792 -4855.333795 1326.121823 -775.969968 -11664.167144 -11598.054603 18038.617814 -14409.446495 -2531.148051 -12641.214273 -2261.550723 -497.451843 19960.272619 61406.777423 -15899.041044 -15303.179816 -7655.105649 -4934.312440 15556.287855 -5039.734156 -6493.083898 11302.325487 -13514.440294 11063.441236
4341.574850 -3783.017753 4461.675174 2575.599696 181130.693201 -472.299857 184.691294 -4682.874167 -2145.886337 -3238.242975 5380.266688 -5300.768311 -1561.110094 -5594.195312 -7028.542723 -7177.029541 -6864.560845 2199.988869 -2156.828857 -6213.851308 -3615.993534 -8590.154725 4276.824753 -6924.077261 -6970.128164 -4587.391522 -1700.031766 3475.584540 -9129.033354 46824.520362 -4445.957680 -3611.478016 -9328.871803 -6943.925824 -9967.747915 -4552.355522 -12931.728613 10740.251303 2718.386984 11811.599611 -10795.756387 5463.985341 -8894.977969 432.406614 -875.619229 -9793.152158 -6931.117986 2169.097036 -6147.064900 774.917797 -9977.743182 -9209.203995 -2621.012392 64520.320565 8863.647361 4719.577360 -6586.330336 -6643.336399 -4572.732049 -7031.694667 3865.256819 3191.661659 -6319.903368 -8023.553343 -7320.579136 -3949.558531 -4014.959535 -7114.736943 -8030.284390 -4940.307411 -1160.194176 -4900.675404 -130.808458 -4590.683693 -3457.853174 427.926380 -7564.646013 17707.731647 -3129.474186 37256.180903 970.229884 -2527.510629 -4490.632310 3412.528026 -3093.085404 -1027.892786 -7083.845988 -9159.434890 -5047.961944 -3364.173583 7741.726415 -10366.839360 -9836.116236 -3811.106777 -3258.977714 -7541.159996 -2237.114554 -3488.844816 -1165.251188 -3156.230751 -3263.088658 -1409.920606 -10564.291822 -3087.984146 -4657.363916 -4049.893591 -4074.137111 -1526.654977 -5121.942794 -3779.681399 11086.303312 -8067.800834 -8550.016533 -8167.920631 -1074.568841 -7204.610870 -6562.227707 -8084.976197 -2342.115346 -10101.698464 -4623.066607 -2678.208351 -3008.341828 -6090.312266 11461.877767 61914.975597 -10433.150156 -2349.576348 17487.163236 14982.392561 4087.097969 -6167.041346 -7418.270254 -5147.372511 8753.497544 36.551238 -8387.026943 -1588.689478 -7307.197956 -4559.225742 -7217.300475 1972.714137 -5015.611417 -3771.241544 3401.176832 4431.924907 -5009.977899 3952.264497 5057.280490 52729.255091 -9370.218756 -6416.073812 9279.395561 7660.601469 5293.743381 -2888.216945 -4731.550302 -4670.419977 1255.098292 -7229.733559 248.682632 -5857.666017 -716.623025 -6934.153775 1156.452754 -6097.615650 -8201.049363 -8540.167793 -6725.468517 -3104.299522 -624.805913 -4789.643441 249.909131 5027.747762 -7126.812339 8224.289088
-727.499549 -3876.330845 7411.913509 9304.709729 -472.299857 179091.350911 10724.744704 -1792.383683 -9435.282273 -5469.399217 -3082.831955 -1814.814451 3009.781501 9927.447324 -12095.087841 -7594.204747 -7112.256836 4643.938977 -2851.311678 504.970813 1968.986176 -9073.016384 5678.224700 4065.223024 -8211.531775 -5701.550198 -4039.400444 2079.671424 -9819.286569 -359.948238 -4293.612308 -5079.246575 -4928.796541 -62.283672 -9272.358221 -1209.576111 -12818.186595 6131.158907 -2356.143896 -754.186072 1896.255656 -3691.257984 1727.390680 13109.988276 2251.797171 -5572.017955 -7103.999798 10106.242648 511.791838 12304.286755 -9744.541980 -9821.500247 -4655.835579 -405.129961 6193.627634 11567.729646 2326.360232 2217.398236 -4468.046582 -7677.461949 5312.435243 -1140.710340 361.672313 -11990.070259 -2669.648383 -5534.344455 5965.615299 -7379.615363 -9750.474942 139.231315 3180.949084 603.474185 -6986.398905 -2688.349646 -3013.736873 7368.790197 -2306.309474 2262.407666 1095.510530 -1151.434046 8323.518930 -4911.161397 1168.999240 7852.827736 -616.788307 -4461.407527 -7671.095595 -9256.284139 -3576.470318 -1568.490338 8163.157362 -9652.687053 -9201.249117 -3201.473175 8110.812817 -8512.008288 -1773.109886 -4223.919712 2346.883314 -3781.842202 1185.968818 -1698.709339 -6030.529952 -6582.302964 -6770.951249 -5158.291638 7520.639085 2671.546904 -462.637810 -8857.099740 2551.831068 -9679.099092 -6436.262285 -4177.133335 -1701.780343 -9119.283426 -7189.149607 -5632.572655 2486.523082 -10263.874134 -5184.396175 2601.461968 -6880.163653 -297.312084 2392.622903 837.671251 -7397.771743 -4572.082584 18.279378 -769.064253 7666.081197 269.450730 -8065.969374 -3347.447599 4201.013152 4608.822067 -9110.458699 32863.070058 -5969.483996 -4612.058678 -5802.976715 23114.831543 -5062.407807 -955.837940 13374.273972 9933.373011 -7946.143146 8067.084507 7146.587138 1622.542861 -10835.201121 -10182.683979 4439.569479 -2178.193078 -198.527896 -2338.644801 -5611.087987 -5288.064381 8279.224159 -5670.360502 -593.382087 -5406.461865 2228.912622 -1692.999233 6123.419724 511.300705 -9171.741854 -6116.900819 1695.432597 6078.713472 6741.416630 -5525.170179 5023.410909 6550.930425 -8201.868330 5388.957315
997.362749 1075.109976 1007.094954 3139.597310 184.691294 10724.744704 178672.115292 -684.187608 -4493.668465 1144.443548 349.781260 -6496.816843 6764.548116 6311.203040 -6053.418313 576.181531 -10250.968366 8950.723226 3418.983886 1179.946927 902.953120 -5741.686643 2748.426981 -239.735329 -887.850567 3410.390822 -1721.580208 -3914.112744 -6159.415539 -1823.845282 -5620.767400 -165.431183 273.935090 2458.780862 -8962.320957 -4549.424319 -10998.677626 -2365.428942 5249.609195 -1568.545424 1941.785726 295.928667 4563.988427 -5196.666832 5917.844981 556.148247 -10237.976085 -5245.440214 1359.572940 -609.662053 -489.621028 -5913.711009 -6638.721427 -2596.264953 -2975.510335 -4009.410624 494.774690 361.805207 -5551.217180 -1656.109767 -4490.627927 -4450.915931 1214.716302 -9297.370035 -3289.065421 -2068.714776 2302.132199 -7758.570851 -4399.571475 1215.723170 59402.512253 3916.628587 2297.484873 -4659.553173 1517.231225 -6749.428463 -4381.623279 -1369.738645 2080.425049 -2774.418071 22814.969212 -2144.183371 3614.509934 -2365.637668 -2353.468441 167.521250 -9029.209202 -7415.634541 755.702020 1407.948959 -986.667238 -7026.429222 -7427.188115 975.068362 23032.098761 -5787.464793 -978.656674 -6321.832611 9864.982858 -82.810659 -164.193986 7182.466978 -7114.143526 981.156155 -2688.207541 -6913.462401 2935.997182 2639.904171 -1.164123 -3287.779856 -5030.075882 -6060.011308 -7454.310348 -8408.824114 2861.425310 -5353.886471 -7258.873496 -7864.233212 -3490.666461 -11428.817514 -5047.692542 8379.615082 -7889.814087 -1899.104897 3787.970825 2488.815165 -5176.976838 -6532.272335 -1100.172066 -2092.345496 -3740.833749 1238.279093 -5609.116592 518.857242 -3139.044494 27.262432 -9453.537451 3380.961298 -3676.792837 -5625.244317 -2270.613096 4545.972315 -4256.618580 -1045.425538 -4898.520389 -2356.914158 717.597439 -3747.219539 706.588575 -3522.062996 -5359.675630 -6388.288019 528.465241 -3308.553023 970.570931 5787.833274 -3837.451521 -3696.131177 -6685.730728 -4951.462763 -4470.867763 -4641.273972 6065.834206 8436.361521 -7172.240929 1163.964907 -1297.881561 573.619477 6247.519759 4335.411245 -5151.216843 -15.514677 6019.075900 768.801792 -6030.693002 -4869.527605
-2738.622073 10983.402861 -4674.108320 -5262.864125 -4682.874167 -1792.383683 -684.187608 169119.640228 753.439920 9574.754905 -2496.887848 2646.749843 -1608.597186 -5630.709869 2770.266645 1603.081913 -2467.925842 -4731.605832 5614.091634 -8330.518125 -6101.698157 7579.062569 -5383.770328 -9892.348840 351.469794 -630.447108 10389.930968 -7592.319014 4613.102354 -6978.989099 524.491882 4229.142244 2075.696899 4054.487705 3221.702926 -6304.234596 1260.586379 -3937.902296 -4091.383070 -5734.266191 653.944782 -1838.346213 -2529.130040 -12170.513916 -887.581287 7757.029621 -2469.863190 -10327.649577 -8417.398208 -3134.570880 1825.019733 4850.582292 -6671.698178 -9847.710290 -5754.508212 -6419.933976 5626.375608 5085.723002 -6014.731450 1124.451306 -9691.322382 -3563.393792 -8683.187101 -812.582598 -1194.067983 4255.041243 7302.878421 -977.113015 7580.765624 12562.504556 3582.487822 252.183304 8327.118203 13177.322574 4999.160367 -8117.172508 19276.464847 -5929.919863 -176.951727 -6512.398864 -376.905461 2812.192087 -4340.483058 -5283.567903 -4724.536179 6151.803909 3349.345697 159.016044 12665.299441 -3411.884685 -6292.039112 -1668.031813 5801.179118 10342.502563 -3023.311662 305.818814 -1862.396913 -3052.813493 -5735.864592 8812.492946 -7361.360999 4132.004789 2661.249583 13654.407706 11059.246908 8448.608353 2990.343345 -5204.063559 6879.927264 -1179.911479 -6567.864333 3430.497154 -2502.439887 2502.858223 -3073.861723 1284.272556 2564.786176 -2561.542638 -3906.782571 1487.399263 410.141568 -2479.646378 274.564444 -2329.191735 -9065.427002 -3166.916420 3927.564584 -6634.089889 -4394.840522 -5167.810672 -10658.717247 -8281.096507 2709.163196 11611.227446 -2695.255433 -3138.796946 546.747882 -220.631850 493.818480 -5992.471747 2843.624469 -1753.801147 -678.804907 -3020.309388 -7525.369200 -11179.383522 1818.469680 -10477.765476 -7957.720901 -7991.883554 2219.810279 2478.670883 -7661.270508 -3251.606705 -2946.269821 -4453.086730 -5039.583300 -5091.206963 -7525.504951 -681.223863 -4780.312725 -902.581007 -985.911964 -3977.331577 -12718.960309 -8340.962274 -1862.465936 -315.758712 -4286.486870 -3764.219101 -8221.046547 7486.654971 7130.373044 -5378.590301 5657.196957 -7693.073496
-561.954061 -2288.406894 -6920.154071 -7691.270831 -2145.886337 -9435.282273 -4493.668465 753.439920 164043.439264 -2250.279082 6626.476129 12322.171421 -5271.323777 -10163.184627 17585.969315 577.313493 -11785.500896 -5319.390619 683.806352 -14118.107053 -7142.210914 7327.297579 -7658.529298 -12917.546197 632.818552 -3026.579825 -1834.106272 -7885.350430 -7253.108728 -2583.601477 39958.441330 -4518.052985 6540.331578 -998.385965 16549.851705 4131.153216 16545.601624 2661.027671 -10282.387414 4017.144298 -6822.117751 -2093.789082 -1586.009648 -10076.810158 -12799.317066 2464.950799 -11775.840206 -11012.133974 -14164.314587 -1724.408230 545.530792 -6873.190271 -228.611805 -2065.448303 -7267.301665 -8044.934313 -4937.212370 -5138.016683 14680.403218 1870.468869 -9946.702360 2444.864591 -14199.334305 17798.280343 -11938.868249 4703.442180 -11290.202530 -12614.189493 9922.337263 -8438.481218 -6521.884073 -3405.533002 -3909.674227 -1251.714609 564.704548 -8478.690259 2963.885497 -7502.329359 -5429.374625 -5997.668600 -3273.242326 -4606.649895 -2648.664965 -4853.687068 -1364.690124 -733.895886 16801.648319 15467.682371 1784.603611 -1730.619012 -4912.137090 15480.966819 10286.938466 4349.197596 -6486.799009 20073.791771 10796.161949 9072.431730 -5596.299869 -225.200949 -3004.504582 -3994.070728 9065.667882 2621.098746 2508.640860 3027.186399 -12063.040099 -2226.282575 -6547.114415 -9456.472446 2979.276451 4142.961120 11078.362024 15593.700927 245.543297 -8365.067158 19744.199720 16166.046727 -6048.572713 20275.481477 11846.069899 -4351.487062 10432.897749 6415.641775 393.739408 -4342.832856 5228.737443 125.506847 -4256.479429 2898.382460 -9207.502066 -14124.362918 7265.340527 1238.098461 -2693.358379 -3300.607823 18585.850440 -9580.736088 2906.799170 15075.934322 -9927.622154 -9106.654092 -7505.574630 7543.167386 -8970.392271 -9489.864770 -1189.422947 -9198.137438 -6507.099535 -1291.043644 9628.530684 10311.322801 -4370.248000 -4553.803613 4382.905883 -522.052530 -8816.554874 -9006.141310 -8378.140081 -10953.120690 -5960.329335 -8644.869689 -12994.219712 -2064.231401 -9559.211882 -14156.126883 457.088129 1271.770895 -1216.729366 -4075.190277 -9088.684917 1006.119107 -305.151324 -9157.117663 12368.202644 -6778.361769
-4657.906889 -851.424080 1215.202439 2372.134150 -3238.242975 -5469.399217 1144.443548 9574.754905 -2250.279082 174583.668145 -2001.520141 -3887.703097 -973.994394 4294.997286 -5787.530145 -3090.974500 6410.327290 2160.332882 7586.804746 -4025.590332 -1514.618815 -3615.678189 -1529.491136 -1831.421122 -3244.970471 -2059.848944 -1299.854353 -5113.202316 9522.895488 -4651.475558 -4861.491923 106431.710324 -3310.054177 -6150.395921 -5622.411610 -12994.313401 -5220.158488 -5654.556959 4311.464507 -6267.927258 -5510.592574 1051.163423 -9525.045068 -5312.184766 10156.703978 -2907.184748 6572.936100 -4716.067833 -3936.775132 -4044.883830 -4151.465543 9827.934314 -7857.960028 -6438.978200 -4321.928959 -4046.563051 5178.763184 4661.847535 -7704.137347 -2209.719571 -4629.005280 -10341.494332 -4177.189210 -5020.608753 4582.912707 -1115.853835 7831.329471 5775.117004 -2314.077907 5240.314994 5274.805196 -371.578708 17789.524869 -1578.587982 5468.868080 -7519.491459 1203.095684 -549.809743 -2653.666570 -1644.499196 1627.365082 -2724.217572 -3592.246179 -3029.220401 -6100.904500 5712.461407 -5372.469086 -6940.130937 8332.423447 -1706.473953 -3087.452475 -8364.343657 -3668.433961 2050.436859 -1678.065232 -4904.784193 -3435.697818 -4966.722769 -4787.347824 6346.051447 -3201.419983 -4646.675419 -9895.440852 8310.858681 171.466170 749.845585 5526.605465 -4478.849383 14352.148301 8377.837649 -5559.435795 -5247.674461 -5516.190760 -5608.216978 -5821.483336 9911.614232 -7628.420738 -6813.777156 -4543.638075 -5944.457506 -6648.025750 -3381.627592 -4603.222677 -4360.969340 -7783.304383 -3419.137738 -4916.046654 -7725.193148 -4259.222048 -4693.113883 506.485812 -3849.437939 -4728.843838 7863.170182 -3433.587023 920.277073 -4442.011249 -7857.277355 -4436.992689 -7668.841936 3989.036232 -2881.614130 4179.147603 -4518.250928 -5901.889282 -6591.848984 -3148.705077 879.304322 -6501.347879 -5814.885270 -3543.269184 -3780.831585 -3993.031398 -3594.352044 -4823.904578 3179.368344 9610.064308 9645.135299 -7413.981882 3775.448026 -3388.102268 3998.775483 10249.066650 22.960854 -4801.002106 -3969.878259 -3995.986561 -3220.480862 -5580.891806 -3664.846967 -7371.520879 9110.709486 2261.293794 -4924.274194 -3074.965141 -2136.717421
-2124.259880 -4935.745431 1041.635559 -1576.382926 5380.266688 -3082.831955 349.781260 -2496.887848 6626.476129 -2001.520141 171536.864652 4145.103828 -1562.609959 -1987.079912 767.253729 -5941.344554 -14605.138699 -1091.103256 -1388.262845 -5215.211270 -2465.779315 -2550.248971 931.806137 -4056.243307 -8620.879538 -1577.115017 -5303.475034 1119.085438 -10246.835385 545.182335 5432.863167 -4165.507156 -3034.046392 -3584.354839 293.016711 2849.652761 2856.396615 8129.528343 -7735.794211 5750.163490 722.012169 -6168.781381 -2696.436568 1701.609447 -8381.206544 -2456.842220 -14607.848250 -1364.142140 -5194.301719 5475.042617 -8930.172707 -10243.293956 465.501711 3046.987953 4035.192126 803.911899 -7823.869579 -7904.714391 9817.918067 -6361.187511 1321.604940 19150.336023 -5146.691549 637.338469 -13764.228275 -2611.270252 -9206.328819 -13253.814447 -686.893075 -7230.971443 -4338.062238 -1370.726507 -2594.364368 -4443.725726 643.155762 933.869848 -572.811968 -3311.223210 -4130.161304 4087.531253 4738.368716 -3352.776594 3141.225421 6851.593664 989.424025 -4498.632906 320.581921 2776.775668 -35.413249 -143.778719 9847.051249 764.754303 -614.367446 -453.437053 -1651.859096 3690.201640 6227.136184 1266.167084 397.690913 -1471.889497 -271.787229 -2820.154377 -258.644915 -43.954295 -3822.279382 2460.534467 -9810.378111 3687.874784 -4847.737904 -7086.380562 3952.805134 -6017.965390 3384.200810 4254.620676 3240.079512 -11266.290467 6750.561613 4917.792202 1410.551092 1398.256295 6131.972431 4478.575278 8111.319051 -2166.837521 11316.574255 3066.401884 -2399.328404 445.861780 594.772820 8589.854789 3371.840093 -4927.371019 -4328.904682 -860.981335 3796.038063 -901.690445 3008.381592 -216.639264 -6367.605770 9889.735282 -13583.906248 -3322.077821 -12254.247904 9878.661044 -711.304965 -2310.622190 -7198.669224 3318.712335 6847.154859 2764.182492 -2201.562510 -70.597636 3470.300378 -3512.939940 21579.776970 1278.624738 -12617.334315 -12531.259268 1112.243790 -13779.325289 271.974145 -11592.531727 -8278.012608 -1123.725156 -595.623829 -5002.057033 -9733.696831 -7142.453905 -137.195665 617.911388 -772.545404 -3238.305293 2282.627318 -59.421596 759.489188 4500.907519
-5120.071571 -800.466571 -6329.147454 -12948.233027 -5300.768311 -1814.814451 -6496.816843 2646.749843 12322.171421 -3887.703097 4145.103828 168644.034625 -4378.915086 -11868.051050 12503.894767 14306.577057 -6976.721200 -5250.455261 -1647.624776 -18167.829752 -10305.473052 11284.079064 -8184.241929 -15817.555275 11854.553715 -302.228741 177.265005 -10077.711777 -6143.912642 -5894.361992 15153.086228 -5647.676012 13983.931480 8265.447092 7390.638085 7679.306636 6908.375912 -1925.779743 -10610.320089 -4873.931923 -6349.986059 -424.151796 -387.380690 -12244.402794 -9300.579807 7001.148523 -6826.433248 -12197.133679 -18279.226599 -1568.135856 11992.398274 -6152.835570 -128.396847 -4588.579080 -8558.736054 -9101.899079 -4596.343176 -4644.009152 15757.347529 12976.584017 -10471.287553 835.438281 -18115.797738 9883.629924 -5611.643713 1610.062444 -6171.136824 -6826.706973 12422.504426 -4668.832076 -3706.591206 -1954.489948 -5721.353904 4369.261354 -534.284023 -7840.930467 4569.378501 -6603.486037 -1826.200351 -4354.926490 -7847.469571 -689.102861 782.159583 -7645.646497 -1745.841068 -1133.207468 12922.011909 12166.417978 3047.050853 -3134.126623 -8219.178104 10282.134440 11489.449075 -1999.933422 -7278.191752 14811.611183 4970.268892 5775.664373 -7569.836617 -2123.822623 -5553.232863 -1111.532495 13384.312868 3288.824955 2666.576456 10487.976536 -4942.705155 -3112.460310 -2563.979302 -5351.333536 -2869.091350 16945.815183 10228.038505 18803.095984 -657.827351 -9144.428303 12016.015110 13132.440445 -5674.438862 11169.830918 6658.594357 -2714.759736 9653.232800 -748.868960 -5173.385742 -5880.090394 18643.928260 148.772441 -7148.974466 -8297.169193 -8859.722520 -18168.234338 8558.269312 2548.896041 -8299.443703 -5073.495318 8690.605807 -7561.638885 13271.274188 15716.068507 -5285.928405 -6073.066386 -4217.955910 11720.269988 -12141.783655 -12957.752627 9123.449473 -9020.325240 -6771.589354 -5291.535897 8947.705417 6281.780781 -8399.123799 -2089.955646 1159.769259 -543.414322 -7954.279486 -7863.929754 -7558.838604 -7241.114878 -6392.907834 -6135.833041 -9345.806108 -6829.817536 -11750.882355 -18102.662215 9651.284859 9623.276306 -1812.234261 -1731.152685 -9212.506729 598.233979 439.459240 -8284.331976 12592.566324 -9251.494109
-1065.977824 2655.619837 -2030.395715 -210.483755 -1561.110094 3009.781501 6764.548116 -1608.597186 -5271.323777 -973.994394 -1562.609959 -4378.915086 180465.864294 -2069.969150 -3472.516621 -5200.749275 -10018.928585 9589.037251 -827.180564 -5912.135098 2458.061207 -6309.188027 1223.851255 -3630.697089 -6530.219596 2651.440105 -3792.029841 -41.840295 -10001.349101 993.556140 -4127.634486 -1677.333539 -4914.012020 964.388884 -5479.562135 -2294.972298 -6299.856506 1253.067802 -3743.538912 620.815584 15185.562505 -2780.570067 8714.844560 2738.558338 1939.231767 -3585.338321 -9868.046368 -3778.102481 -5829.526562 6055.201958 -8538.896821 -10149.313349 2881.779730 -78.194526 8201.691185 6122.360528 4157.496954 3767.332138 -6016.029681 -4383.382035 -2646.542133 5574.543875 -5901.701962 -2862.036353 -9061.629434 -3633.208397 -3763.379046 -10745.499263 -7085.003927 -4023.214428 -1306.466804 2674.549976 -5281.219618 -5253.439677 -2395.038262 785.228632 -2371.525386 -1119.984788 -336.322038 1934.006466 9520.213592 -7044.830646 4847.238719 3304.161828 7124.771360 -4063.455678 -3380.454517 -3734.263495 -6920.588374 7949.979560 5287.056372 -5585.557518 -5305.001334 -567.063380 9876.020882 -5490.203619 -2596.163996 -3840.043803 10752.214387 -3290.950246 8048.754333 390.900643 -3855.554008 -3407.770099 -2667.782684 -2269.378268 -2169.499157 2522.188785 1188.672211 -6436.667210 832.383678 -5546.218572 -3181.384537 -5846.471983 10984.257865 -6834.743253 -5828.823019 -4339.408181 13630.879048 -7215.468621 -2421.638050 8517.054799 -3512.608440 -2527.137620 3737.650640 93.424091 -6946.599206 3214.195747 -1150.136330 2899.986412 -1367.927728 -5820.404192 -6199.262104 -6864.585605 2296.814423 3245.558040 -7104.437427 7023.855213 -4853.821820 -5946.136978 -9355.123147 1795.454099 -9039.744437 -4035.637671 5732.128251 -1327.728450 -7650.892108 -1299.748152 -329.249608 1614.157731 -6613.875820 -2665.275153 6772.625017 -2981.644650 1007.841031 9712.071811 -8596.901927 -8612.958295 1302.579510 -10918.309003 16104.569169 -8651.068446 2024.823931 10162.831003 2544.440135 -5817.895627 -7325.969896 -5496.853166 13160.919938 13078.163350 1985.126282 -3774.114689 -639.230914 3200.336812 -6111.089669 4307.763896
-4771.388300 -8660.317038 7228.988883 41208.236968 -5594.195312 9927.447324 6311.203040 -5630.709869 -10163.184627 4294.997286 -1987.079912 -11868.051050 -2069.969150 188296.292707 -14775.062047 -12672.141372 -10146.559353 6497.315997 -2033.932850 94630.778003 44658.093859 -16211.364321 4164.686189 79862.106421 -12589.896727 -4523.371857 -7312.627465 -220.491033 -11826.336049 -7145.731017 -12828.217756 2501.914725 -11761.075215 -1832.070163 -16074.473369 -10786.838874 -17331.610310 -3867.768959 -145.522554 -4960.594147 7440.898065 -8636.264558 -6199.212460 -1018.545003 5788.271249 -8785.278609 -9901.797025 7619.624273 94644.987552 -1835.296627 -12873.535404 -11870.480565 -9110.659356 -4440.792705 2051.905538 2064.520490 -7718.984472 -7781.136311 -13670.403208 -14096.471894 1869.926178 -4011.320948 93888.981154 -18905.044648 -10964.603120 -8831.648789 3484.164310 -12521.424226 -16885.619118 -520.014073 266.464333 -3476.887152 -4908.530007 -10764.525289 -4621.401495 1380.856634 -8933.206634 -2947.285674 -3363.308222 -1899.613779 5069.714769 -6974.582255 -454.969295 5258.234763 -6230.136294 -4022.691204 -15123.586610 -15519.422579 -4516.499761 5146.641995 2184.916919 -14687.395512 -14187.056707 -4500.014585 1867.825926 -13155.977521 -11837.650388 -7248.406457 -304.374755 -4992.905159 -1004.291626 -7122.787941 -15187.194479 -5337.374890 -10771.757872 -1927.443822 1296.975980 -560.123373 -4652.711081 -8012.231188 -2998.371171 -14700.012748 -11817.794120 -15343.371191 -2653.817265 -1505.113243 -16160.766269 -14248.336711 -4677.655296 -16300.843842 -11885.761063 1373.215816 -13180.813294 -6893.810776 -1163.493527 -2333.103215 -15210.839513 -9046.418730 -4994.123502 -211.919175 7837.558945 93648.224400 -10675.233078 -4775.626100 -1632.286521 8272.198024 -14268.561058 15035.750964 -12254.859315 -13469.415210 -9652.041459 12413.196633 -10296.918179 -11305.718620 3966.713291 3233.780016 -11917.640414 8052.674966 25504.105045 -7311.062538 -15587.663817 -14304.425666 658.615450 -5148.753459 -1400.698103 11083.592402 -10276.516956 -10117.239419 1979.529659 -10173.194933 -5650.365731 -9224.138330 5796.355147 10500.862656 4505.586979 94134.268640 -12548.144592 -14231.711825 -4015.615976 -3445.955922 4843.616173 -4587.992040 2396.794207 1622.660341 -13951.399073 -601.270883
-5681.534455 -1943.101118 -9109.664242 -13124.311772 -7028.542723 -12095.087841 -6053.418313 2770.266645 17585.969315 -5787.530145 767.253729 12503.894767 -3472.516621 -14775.062047 166614.729272 -277.842725 -7235.875832 -6024.047790 3396.162024 -17845.021788 -11189.888586 18971.245133 -9467.917311 -14622.689224 280.627831 -585.231716 707.867538 -10401.188291 -7957.621699 -7114.768553 20279.097322 -7482.381899 11962.100623 8156.468275 30820.708884 5802.616137 34105.709622 -2985.693565 -14358.180846 -1869.881447 -3434.866540 -5977.983365 875.616033 -11390.839128 -14486.035302 4702.291399 -7238.502756 -13015.833524 -17728.439007 -4358.009577 165.202613 -7782.573734 3821.299643 -7862.033959 -12960.549040 -11516.679592 -10010.493138 -10273.102538 9949.207667 743.152988 -11033.593341 1432.705929 -17927.590188 22966.434535 -10906.913983 4413.171302 -10440.501853 -10127.837093 18046.822370 -6072.097272 -5971.069455 -5723.185637 -3466.302496 1816.298805 1461.738822 -13768.685026 1968.052558 -8099.035103 -5122.127664 -6363.782117 -6508.791053 -3322.013240 -5426.715725 -11350.938106 -2794.111474 3576.059824 30051.429396 25342.912114 1106.624726 -2805.326919 -6599.201798 15103.084359 17005.505895 -1298.896092 -8372.240331 20589.647868 11075.412366 5507.488674 -8486.881682 -19.362980 -6214.782327 -599.774547 16545.017583 1983.396353 619.460603 5581.222158 -11380.587647 -890.409347 -5423.592116 -7842.615049 -1547.824801 7014.735695 10762.011868 23468.069126 2072.755841 -9102.046529 20651.218380 22707.060339 -5211.064483 27300.595364 16563.617291 -3146.742308 20824.913385 11961.272807 -6549.380453 -8535.983672 13821.313811 3999.074191 -6279.624370 -4619.592890 -12722.844610 -17856.362570 12858.070040 1160.293135 -8086.089797 -10631.592568 35295.378557 -8754.194659 4435.143714 10181.482011 -7491.422949 -12563.036687 -8175.480142 10708.935269 -13639.702001 -9266.525235 -1357.448121 -12669.778944 -9371.293065 -8365.664619 22463.119000 20582.095034 -6449.730737 -5591.929802 -1341.214012 -40.452229 -9928.964653 -9876.404969 -13695.722224 -9386.886309 -4336.768215 -8455.116344 -14453.561375 -4341.311705 -13031.404070 -17651.274400 -747.159696 -319.078423 1603.588663 -3870.132913 -12043.205639 1385.222843 -1690.578725 -9808.118362 19366.291396 -8473.617772
2920.888257 4506.103107 -10513.447753 -18409.629298 -7177.029541 -7594.204747 576.181531 1603.081913 577.313493 -3090.974500 -5941.344554 14306.577057 -5200.749275 -12672.141372 -277.842725 174742.074149 1653.797099 -4126.411674 -2364.949260 -16190.285812 -9845.581210 1812.886776 -11449.492348 -17520.939136 54581.254523 740.152607 821.205026 -12508.096203 14037.178255 -8440.068609 -1845.745999 -3024.192757 15835.981735 4191.510168 1330.567149 -4348.259241 -977.428855 -8654.846591 -4566.050876 -5167.627417 -12153.401463 9546.646083 -4987.426603 -14761.246183 -2953.230319 8313.129294 1668.162608 -16412.450974 -16180.874561 -9185.654381 65919.368121 14454.221720 -9373.189172 -7174.642046 -11908.678130 -10813.033822 -5180.580033 -5521.470653 571.916518 57745.334014 -12880.927703 -10561.786787 -16258.290718 -1268.367309 11765.633399 -2901.246277 -5554.847620 7679.335006 1060.379153 -6737.296756 -5441.623927 -3610.505762 -68.800964 6162.135365 -1932.820166 -13227.045731 778.453352 -5289.498218 -3260.013404 -8926.234656 -7111.646614 455.703297 -7325.388941 -12655.281168 -7559.622020 -1830.921038 -2758.128019 -267.168046 -3123.339527 -7378.527078 -9461.827540 1904.365816 4499.334184 -5109.850656 -2915.534865 -990.149280 237.784103 1006.327003 -7762.379106 -2152.141038 -8547.349757 -2927.606322 9437.015480 -517.113759 2744.929153 -1766.507705 -6618.126147 -6284.032234 -4443.984950 2201.492665 -5770.046452 36937.945676 224.722413 -1802.035846 -7364.574584 2862.026568 -2753.040715 1024.980072 -9414.714177 -3335.170291 62.982218 -7522.388360 563.336716 -6636.867566 -9611.478949 -8995.804977 18643.718377 -9367.219907 -6338.817335 -10144.210826 -13629.805083 -16120.592660 10028.122117 -3186.045753 -9117.883908 -7442.518099 -1309.751659 -2366.049014 45490.841349 624.920150 9100.806270 -7422.428783 12730.999454 -195.110782 -11929.851024 -14960.472230 55160.420273 -13785.079088 -10076.614382 -6228.175952 531.233589 -68.480704 -10417.652526 3716.819333 -5610.011654 -7349.729969 4643.509289 4555.184700 -13325.620370 9932.920333 -9760.870939 13843.744245 -2925.774056 -7081.013659 -15992.859377 -16127.138749 59466.715624 71957.536299 -5439.366779 -8810.380297 -14480.719465 -1748.398974 -4635.576137 -7918.159743 2091.991664 -12126.244206
-84.386816 4640.118619 -10139.163749 -15498.992206 -6864.560845 -7112.256836 -10250.968366 -2467.925842 -11785.500896 6410.327290 -14605.138699 -6976.721200 -10018.928585 -10146.559353 -7235.875832 1653.797099 209030.220757 -6364.446478 -333.769915 -15133.076016 -9943.837954 -2392.650431 -10817.292786 -15080.234138 -2549.989917 -2895.175429 -7558.886713 -13155.416271 40956.063532 -5285.057540 -11602.921585 11286.352557 -4512.147454 -8269.441237 -10246.122623 -13040.587126 -8654.212588 -14034.617092 17442.877159 -9906.375532 -16702.978309 9333.494098 -7443.278238 -14660.852729 6204.804103 -3196.261271 196499.862770 -11133.434270 -15360.395733 -8332.022738 -1018.022432 41595.701790 -14164.628623 -6507.830480 -14754.300997 -8329.614533 7809.779232 7920.582029 -9377.831207 187.839935 -14617.665516 -13674.930967 -15090.428188 -11814.584047 54496.835086 -7092.967825 3430.964426 66686.064164 -3878.850808 8358.563859 -3913.755481 -6548.597690 18709.478377 1782.145494 -4476.050489 -13070.066589 -4245.998873 3844.105811 -822.574932 -6170.718961 -11429.062718 -1843.434338 -11457.020381 -12923.389729 -13167.136375 -5083.775810 -7632.426262 -8587.030928 -2864.863823 -12113.333305 -16589.223140 -8631.727327 -3070.442267 -5791.253762 -3998.788884 -8176.945718 -11228.286638 -5789.336414 -11012.972728 -295.616207 -15429.062293 -2767.803034 -3324.620291 -6061.092076 728.574220 -9823.604536 3099.042737 -7915.640987 1888.977143 38896.138048 -10156.238356 -290.663791 -6468.632545 -8017.127519 -12796.732597 65293.127865 -10826.502900 -8655.911446 -12015.336878 -9169.021703 -11771.156415 -10840.075413 -6973.293502 -5600.958764 -14714.130610 -9337.946615 -2647.305319 -14243.542735 -6253.215512 -16058.484270 -13514.267855 -15027.575347 -5359.134726 -1992.203655 -11685.475902 -8504.363479 -10886.863245 -4811.366106 3371.145858 -9424.226966 68076.937176 -3653.194414 47209.164678 -7927.510385 -9908.172751 -12984.094898 -1339.615861 -13207.377211 -15282.525275 -8393.356329 -9902.882460 -7570.569419 -9615.966745 3472.641135 -15912.868935 -13019.576399 85460.290012 85501.169191 -13847.284567 66670.411902 -15605.233726 55363.732421 5988.258892 -7941.313499 -13019.415830 -15098.216681 -399.404910 2497.285658 -12365.336406 -15934.914801 -12731.385778 -4786.137702 -4440.789148 -3803.199352 -6436.947680 -10258.059842
