178054.922406 8235.364268 2657.456927 5133.364924 -304.255719 -4764.745772 -7000.262416 -545.081840 277.866837 -6494.114731 -3454.664310 3480.484524 -8780.462782 -12717.068269 -13322.310276 3069.310709 -2265.340230 4388.973792 -1164.807814 -10155.863620 57247.239301 -78.973231 -15606.388903 -4932.023695 -5224.013633 12862.844097 -10867.949552 -318.273738 -8600.410184 -4310.796557 -12810.359350 -10422.009993 -15135.663508 -6338.164629 -16430.010155 5870.887214 4226.202269 945.025660 -7350.635910 -7782.327495 -8121.530932 17428.697110 329.018808 -12720.631090 -13143.185177 15279.748047 4379.624808 8295.262298 -18463.984125 -11141.048116 -2184.631660 2065.162914 6236.279166 7059.939364 5328.942235 -10241.752297 1353.930210 -12102.989650 -8959.820755 -12294.174759 3808.626967 -13169.122621 -6207.562388 14376.607991 14698.406919 -14669.909413 19685.074412 5271.735079 570.272423 -11657.235335 -13425.834409 3945.985832 -1150.200743 1213.208867 -2405.080645 -11066.492553 -10797.780673 14182.985734 -10351.932042 310.724442 -13078.676421 625.797025 -7778.936222 13941.886134 4539.253001 -16265.164790 -12795.205558 -2981.442073 -3114.655036 6616.501364 -4840.633040 -1517.019197 14582.026176 -11747.001486 2994.971263
8235.364268 178013.414333 -342.718160 5765.906970 810.075469 -6552.093178 -8838.884364 -642.928071 -3479.447596 -14223.648265 -2884.240541 36014.504694 -13891.255703 -21674.748691 -19722.553357 5388.786250 -6276.573772 55800.678345 13009.846611 -15574.836768 12995.109938 86378.363352 -19215.014161 -10321.477373 -9735.068013 6648.793518 -22384.997123 -3277.507552 -12385.641547 -4166.244577 -14479.180602 -11497.788481 -16678.094834 -6957.654088 -17549.539878 1973.999778 -8053.072658 -420.633741 -11130.782961 -13416.812258 -12073.136263 15779.327409 -6857.513003 -8408.610483 -19489.331500 21595.784062 55865.565919 -1906.523153 -21946.245090 -23191.955422 -8222.946818 -3611.801859 9627.472765 -472.451598 10542.129035 -12514.942268 7293.574824 -18930.786690 -12120.820504 -19309.093649 -343.627171 -16560.210321 -8942.693214 16283.734624 14577.386532 -18682.066430 22183.648803 19221.651417 -5230.481445 -16062.255886 -17116.105892 9140.297843 -7875.192233 -710.810025 -3368.072729 -15845.668988 -15797.959122 14957.678894 -18520.940577 -4404.139221 -16723.807396 -6621.039430 -3304.997208 15415.950177 55688.055139 -19988.086053 -18746.262708 -9651.303260 -7156.515108 11416.904421 -6841.481472 -8362.112934 7876.359707 -14395.894784 7580.955128
2657.456927 -342.718160 180408.649332 -2301.580022 -642.539849 -4413.604092 -1801.989086 -4590.742231 5170.586603 -5103.665640 -2607.831685 -8812.874613 -6403.366125 -8984.082562 -9615.039155 649.799877 -2340.408074 -9878.881766 -6077.533046 -7415.653019 2359.750255 -10517.397040 -9530.261239 -4826.950562 -1619.595077 1283.418932 -11590.935583 45468.477578 -3927.898416 -5388.132268 -8932.420456 -7029.417194 -8986.215382 -4382.584016 -11821.340853 10139.498688 1104.112464 10822.298867 -12106.558365 4118.896907 -9096.823495 -1790.062149 -3588.943496 -9341.447614 -9698.198006 -758.221135 -9849.411289 -413.984337 -12669.905526 -11778.060369 -1783.629074 63003.990980 7088.211825 7328.508164 -1800.497751 -7668.123637 -3487.241920 -8727.217574 -3419.735759 -9876.198860 -267.649520 -7637.194957 -4062.964800 1089.881249 1902.748699 -7576.976174 2377.493130 2702.064325 51186.688418 -8553.162608 -5797.448605 7582.822291 6252.518221 4862.902702 -3672.888339 -7501.471220 -7461.975942 -284.411655 -9846.660774 -67.143107 -8455.221964 -3403.471377 -8040.839766 -1751.339591 -9746.924896 -10819.884152 -10554.673411 -7184.042628 -3847.431271 -3213.640311 -5102.845799 -33.053250 3247.087588 -6624.680298 6440.049963
5133.364924 5765.906970 -2301.580022 177543.802305 9549.068050 -1807.767418 -9351.210785 -7153.397933 -3778.689257 -1921.798392 1743.780251 6197.125908 -11755.675034 -9653.018345 -10212.967784 2648.776120 -3279.895970 -3666.522730 -937.239197 -8158.666598 3215.222375 -81.571005 -11040.175442 -6170.562964 -4124.987116 -491.511852 -12627.190595 -2069.543742 -4044.805872 -7171.942622 -4782.916526 -493.650441 -8494.041301 -1316.505334 -11912.301034 5108.620614 -4332.671317 -1986.911303 242.682385 -5350.183124 1281.579165 10529.317292 -821.708347 -5455.675907 -10213.992276 6724.139053 -3700.959606 10682.867203 -12667.956122 -12724.650338 -4143.344232 -2351.970650 4093.851212 2526.977960 2247.218460 -8641.673108 30615.696771 -7649.666837 -3771.766724 -8753.676640 20495.403469 -7978.139837 -1486.380832 10677.499366 7010.703342 -10839.122829 5883.467131 4389.049465 -247.071598 -10296.364425 -9765.848538 2271.340620 -3860.319322 -1116.308199 -3553.902163 -8711.265977 -8416.600719 6397.072543 -8580.691044 -1161.430570 -8338.041343 -818.877466 -3020.442621 2890.195036 -3643.733169 -12062.851914 -8389.393546 1053.454914 5073.328568 3785.484511 -6090.407679 4330.067474 4357.093800 -7899.562369 3179.540746
-304.255719 810.075469 -642.539849 9549.068050 179678.780163 233.977332 -3463.438382 535.527915 710.798388 -5676.842360 6350.128405 3740.871677 -4675.779650 -653.657631 -12403.990500 7851.337503 3978.942161 -1889.809206 -855.776467 -3792.744622 1357.271119 -3239.821058 -2806.476390 3891.830902 -910.132676 -5444.251104 -8112.926731 -2616.200947 -4387.481950 -1211.229375 1448.916956 2953.777392 -7258.223155 -3696.490215 -9074.662001 -2472.826582 4176.282616 -1916.084547 1342.375490 -438.434192 5103.149237 -6780.817493 3818.875615 1768.063377 -12394.685007 -7578.134634 -1750.611897 -1121.043829 -2612.645983 -7978.577090 -5166.061503 -3555.044935 -4087.040954 -3966.936393 -1295.257495 -8056.766661 2072.542899 -4439.343907 -3870.647101 -4328.096228 2860.239409 -6253.078199 -631.653615 -6555.637170 -4234.710347 -1333.293360 -4868.451758 -1048.986807 -4521.707114 -3762.380740 -5013.570598 -526.856113 -4173.815306 1155.463556 5810.209683 -5969.338184 -5852.096887 -7613.548075 -6979.395657 -4137.072193 -6616.885685 3996.726060 8080.736543 -9333.480031 -1888.732418 -3367.405461 -862.090209 6430.361802 4328.259541 -7120.455962 373.254293 6374.976448 -309.431233 -4831.633065 -6051.327397
-4764.745772 -6552.093178 -4413.604092 -1807.767418 233.977332 173275.023386 3119.068506 10216.844815 -966.651156 4760.331782 -797.666996 -7074.988470 5557.934529 1664.792255 -3297.830130 -4650.719837 7392.091309 -10137.978441 -6688.452626 11004.904687 -5567.871736 -11713.942612 -399.360751 1082.942767 12582.549731 -7937.102386 4083.271853 -6719.136823 3061.710252 4317.585757 4604.913042 5939.604327 6328.457882 -4240.621098 4590.013850 -2908.560033 -3939.706315 -4868.972680 1397.551961 -1230.402040 -784.027796 -12569.265116 -1848.629892 10370.187449 -3313.342751 -11467.131815 -10273.059019 -2390.454884 1018.787941 4209.779385 -3922.907805 -9672.686682 -5756.273399 -2316.818327 -3231.488551 3331.852917 -301.835042 1045.195818 -3105.835073 1960.269708 -2291.332653 -1537.264342 -1384.433123 -8040.800112 -11946.533566 1020.651178 -10393.721611 -8504.544758 -7890.900225 5171.495779 5182.059215 -7595.393790 -2912.187118 -1639.987172 -3462.439890 -5906.969743 -5983.227718 -7326.127790 -1520.014363 -3229.368084 -1765.576027 -1923.553689 -3155.719230 -13771.853705 -10134.055116 -2664.555043 -462.576488 -2841.474924 -2643.132785 -9007.494043 9140.674607 8711.911213 -5393.612967 8332.801611 -7748.456027
-7000.262416 -8838.884364 -1801.989086 -9351.210785 -3463.438382 3119.068506 168324.333257 -1687.271975 8281.446904 14726.468905 -4351.176243 -11423.012526 20499.004961 543.250725 -12711.233275 -5065.769548 2413.107692 -15870.836509 -7582.637840 10835.232828 -7851.029215 -14657.782740 -53.496480 -1335.931347 153.052058 -8214.191735 -7923.420735 -2207.188551 43047.047352 -4536.449538 9109.924035 892.127770 19966.807835 6411.866893 20129.698454 3927.609848 -10148.139850 4913.206342 -5956.251867 -1511.968089 337.230247 -10449.641031 -13661.031052 5039.632966 -12718.493450 -12094.973048 -15957.587396 -965.357571 -258.652653 -7641.996497 2697.745812 -1829.788349 -7202.676039 -2346.125174 -3416.100397 21681.818092 -9654.600403 3398.048670 18432.371254 -10699.752946 -9385.925917 -8279.028796 9302.453503 -9463.126800 -10121.237484 -1915.507644 -9067.348955 -6986.448116 -1033.157978 12662.829284 13071.521190 -4222.257054 -4137.651661 5909.640675 591.330496 -9756.543484 -9977.827584 -8131.905082 -11790.692764 -4412.768951 -9430.351762 -13836.858455 -1157.820956 -10518.276855 -15907.601496 -338.717700 1055.930280 366.626945 -2850.062011 -9793.718033 2641.271687 1312.814607 -9147.967896 15132.992125 -6824.359661
-545.081840 -642.928071 -4590.742231 -7153.397933 535.527915 10216.844815 -1687.271975 174156.445595 -2130.734613 -3485.401937 -1964.703944 1127.596977 -4887.847714 -4768.886037 3666.211234 691.946339 7497.710462 -7636.817168 -3731.548233 -2077.718313 -3401.001122 -5424.312173 -5608.007348 -2148.647886 -913.561608 -7139.309358 7142.676412 -5948.161052 -4129.843315 104951.917995 -2760.059922 -6120.183621 -4448.350041 -12754.488476 -3767.857883 -6309.079413 2704.413455 -7134.027942 -6701.771521 -68.669524 -9576.977791 -7444.880509 7335.414235 -2224.461112 3819.718037 -7588.029375 -7591.602954 -5114.767968 -6703.689011 7334.066952 -6898.685207 -7962.781553 -6077.488175 -4753.660032 -974.871423 -3337.697701 -9645.442414 -5720.537328 -6380.577167 1449.406374 -4961.685561 1613.331848 -4597.870953 -8101.755596 -9033.207143 -5589.686713 -769.659551 -8636.565766 -7326.855854 -2338.336306 -2916.223053 -5752.768591 -4972.805742 -5139.955394 2415.016174 6816.245501 6831.572349 -8801.866305 1180.219182 -3602.295503 1466.977865 7451.334912 -1036.982277 -7603.604374 -7582.909093 -6480.352353 -5123.371612 -5851.169872 -4310.584861 -9869.701618 8955.770733 2065.129709 -6616.418410 -2270.623859 -4061.676771
277.866837 -3479.447596 5170.586603 -3778.689257 710.798388 -966.651156 8281.446904 -2130.734613 173941.347867 5683.340738 -1481.726982 -4075.206238 2781.736915 -6667.756288 -16201.212292 -1617.055605 -389.636950 -7751.382558 -3772.656429 -3.062739 87.656773 -6583.231847 -10061.976434 -539.487877 -3993.688223 108.842429 -11510.366783 243.906087 7342.335764 -4765.385341 -1322.072451 -2466.305594 2712.164800 4304.488792 5600.775234 8535.778803 -8182.481402 5919.208166 757.779718 -6313.693910 -1695.781030 662.951043 -9912.867910 -611.367323 -16216.793436 -3201.197581 -7770.810217 5480.368014 -10479.086067 -11616.631163 2562.230210 2569.075659 3407.431366 3590.220056 -1695.346020 5095.572201 -972.650129 -6633.896352 12454.115265 -15070.949544 -4442.840507 -13717.173689 10954.365340 -1912.298246 -3731.746520 -8657.530271 2781.378923 5763.334437 2255.947593 -22.196489 1885.444522 2932.159436 -3793.547188 22436.154554 1534.446557 -14250.126096 -14194.387703 637.644938 -15222.889220 1105.273932 -13029.600890 -9784.325136 -1049.500985 -2319.706184 -7535.746320 -11263.594285 -8001.552441 706.307861 1087.029475 -2202.643905 -2365.233816 3218.292162 -699.413423 2619.606406 3927.927883
-6494.114731 -14223.648265 -5103.665640 -1921.798392 -5676.842360 4760.331782 14726.468905 -3485.401937 5683.340738 172482.700629 -3699.649559 -13331.083754 15308.203983 14232.473933 -7979.897112 -5186.145067 2.869608 -20083.311683 -10928.473769 14552.852928 -8502.985857 -17689.272781 10939.782908 1277.222354 2105.703156 -10559.596203 -6957.164398 -5661.122022 17808.313307 -5748.683851 16395.891179 10071.666959 10518.701196 9873.594902 10239.930914 -977.600684 -10571.613448 -4259.695604 -5555.886171 7.250121 1396.697542 -12816.374150 -10315.875155 9441.502891 -7842.365507 -13386.529918 -20230.994055 -1076.150217 10979.010109 -7082.394247 2700.177270 -4511.173384 -8667.564445 -8169.850812 -5354.630228 11522.404419 -7813.850371 13555.373200 18918.859615 -6117.498559 -6577.942872 -5051.942643 13499.713562 -12791.677594 -13827.737290 8224.649916 -9073.538321 -7363.259754 -5232.366157 11777.786874 8906.246084 -8396.906114 -1819.339164 2515.861523 427.616095 -8987.149641 -8920.545527 -7475.282745 -8122.616801 -5043.416682 -6934.215602 -10345.025544 -6151.159572 -12879.183987 -20007.033975 8655.896128 9249.066113 -423.580758 -583.312569 -10064.926993 1998.654640 1951.444258 -8405.507388 15165.666557 -9413.354266
-3454.664310 -2884.240541 -2607.831685 1743.780251 6350.128405 -797.666996 -4351.176243 -1964.703944 -1481.726982 -3699.649559 181051.875720 -4902.510672 -2291.919297 -6624.956342 -12331.518932 8409.767320 -583.104465 -9202.894875 506.626292 -4568.124233 -342.738353 -6902.294387 -8662.770344 2941.497371 -3140.132827 -1805.114932 -12106.599061 13.763587 -3115.333201 -3046.396997 -3984.145306 1378.510402 -3898.651961 -1559.667253 -4482.101383 992.200433 -4966.757936 71.737438 14506.271448 -3640.985488 9151.078715 917.695178 -311.955590 -2531.528790 -12189.322615 -6294.090748 -9159.110516 5271.554358 -10807.556949 -12353.158697 4305.222505 -1252.096392 6890.798462 1315.834222 1629.764756 -5872.177119 5572.227662 -5781.145921 -4375.164222 -11494.558546 57.707329 -11144.277101 -3855.827041 3892.368204 -3415.798097 -9834.419083 -2599.295323 -2217.929876 423.312469 -5239.024702 -1541.679004 5440.507404 -3924.580351 909.711589 9410.360952 -10888.765460 -10935.784224 163.875556 -13082.635290 16389.783581 -10744.502340 -214.863748 9702.027956 130.620586 -9091.715291 -9565.416139 -7049.928413 13332.248434 12871.641805 -151.780050 -3618.416545 -539.468481 1887.545692 -5077.148431 2923.453521
3480.484524 36014.504694 -8812.874613 6197.125908 3740.871677 -7074.988470 -11423.012526 1127.596977 -4075.206238 -13331.083754 -4902.510672 182936.129931 -15777.528689 -16183.721419 -14666.415937 3021.182792 -3855.329716 88478.139872 40026.197489 -16643.667036 272.178154 73797.399260 -16831.000259 -6392.077112 -8846.942810 -4073.256851 -16079.357214 -10259.353803 -14104.484504 -1136.295566 -13033.278236 -3785.218491 -16727.973038 -12299.199964 -17870.026471 -6330.447301 -3627.131981 -7659.483272 3935.242604 -11629.908533 -8127.545969 -5063.123647 1148.003665 -10006.382928 -14436.596320 2703.566793 88456.819213 -4957.207718 -17320.534192 -16209.829118 -9986.927082 -7756.931083 -1606.093552 -4726.077120 4284.774906 -15160.851672 11295.044927 -15418.116623 -14089.123960 -13940.493410 8293.614894 -14584.092066 -13335.939342 -213.396499 -1174.131419 -16247.936213 4458.095162 21179.938273 -10667.545156 -16408.686248 -15389.062442 -2938.691423 -8409.595011 -3616.005224 8213.844760 -14770.230815 -14632.126006 -1291.284330 -14471.626266 -7660.580748 -13542.181846 1177.387858 7351.989926 -243.911300 87994.633067 -16882.360453 -17887.123829 -6130.115674 -5849.911072 468.387909 -6551.030455 344.839315 -1951.117267 -15041.389349 -4270.315226
-8780.462782 -13891.255703 -6403.366125 -11755.675034 -4675.779650 5557.934529 20499.004961 -4887.847714 2781.736915 15308.203983 -2291.919297 -15777.528689 171923.610765 100.507505 -7619.828281 -5454.266224 5538.505140 -19279.341659 -11388.706105 22926.417305 -9330.196220 -15993.122632 -115.314366 1530.353556 3223.692065 -10384.737881 -8174.479790 -6408.438318 23575.853207 -7078.869190 14974.954302 10564.587725 34811.330404 8632.923678 38288.272453 -1507.910464 -13840.525024 -633.747238 -2086.872246 -5050.740213 3099.915926 -11440.223719 -15005.078497 7756.304128 -7634.588578 -13743.551047 -19197.446617 -3236.665886 -319.088026 -8112.345929 7260.152243 -7291.404471 -12691.396805 -7362.000431 -10387.098841 39035.993822 -8418.534394 5348.674955 13885.748276 -7858.475707 -12606.448495 -8544.663522 13016.406146 -13822.490768 -9569.024011 -1807.496253 -12231.972379 -9501.838038 -7818.931902 26142.272527 24053.242837 -5925.673109 -4796.096625 478.466880 1439.613704 -10424.460990 -10414.633809 -13174.781094 -9777.195402 -2410.082532 -8777.573372 -14944.696750 -3147.761894 -13658.301519 -19073.873343 -1220.081411 -197.400515 3610.543599 -2179.477834 -12423.463132 3345.054956 211.265904 -9476.388208 22560.512557 -8048.420254
-12717.068269 -21674.748691 -8984.082562 -9653.018345 -653.657631 1664.792255 543.250725 -4768.886037 -6667.756288 14232.473933 -6624.956342 -16183.721419 100.507505 172905.190138 -1654.468209 -6060.859954 -2833.766327 -20109.000363 -12625.043091 2668.821257 -13823.645710 -21420.636470 51361.225587 152.294821 673.460362 -14915.192006 11014.253537 -10198.318613 -1697.719478 -5126.142123 15936.700155 3749.125582 2063.733102 -4555.614280 -81.010529 -9741.444161 -6624.378210 -6518.571999 -13842.490518 7852.765264 -5608.488874 -17237.098263 -6072.234009 8410.111433 -1656.717921 -19630.450924 -20136.866517 -10799.365806 62593.979856 11321.362348 -8918.308624 -9133.549784 -13986.282576 -10902.572092 -9727.463702 -890.682980 -4607.738436 43671.763752 1494.278042 5950.361377 -9926.629864 9636.801036 -801.327547 -14540.125262 -17804.008757 51972.631390 -15820.879280 -12719.314542 -8139.246398 1064.207389 199.771761 -12521.945037 1818.702320 -6435.076910 -8548.312431 1341.496042 1218.939011 -15197.393357 6831.363746 -10500.214210 10782.116734 -6025.701868 -8487.882762 -19078.222366 -20027.504029 56206.768584 69400.897165 -6188.376177 -9885.872204 -17333.085997 -2454.878962 -5308.523608 -9986.236411 2255.912747 -14295.282846
-13322.310276 -19722.553357 -9615.039155 -10212.967784 -12403.990500 -3297.830130 -12711.233275 3666.211234 -16201.212292 -7979.897112 -12331.518932 -14666.415937 -7619.828281 -1654.468209 204943.873508 -9395.252440 -1721.551163 -20057.962432 -13707.158599 -2228.342622 -14101.833564 -19987.508140 -6629.753971 -4386.869757 -8712.567920 -16563.856996 36889.137571 -7957.021511 -12325.784866 8094.876943 -5261.636482 -9562.881413 -10427.437373 -14159.353751 -8620.607979 -15986.673122 14238.895880 -12256.436254 -19354.229834 6574.600341 -8821.820524 -18142.494553 1976.662106 -3942.963928 192360.499656 -15384.946218 -20324.137070 -10896.698245 -5237.784720 37427.247084 -14578.939139 -9370.221066 -17779.297572 -14365.522465 -11745.718564 -11302.025294 -7909.169147 557.876533 -9467.264919 63815.846272 -7219.717126 43067.736394 -9368.975237 -13473.076275 -16795.622521 -5428.777386 -16153.536975 -18886.090470 -11196.745871 -10232.354030 -8089.772543 -12622.891313 572.396824 -17631.765652 -15185.000852 81054.534862 81067.837483 -16701.887426 62472.493321 -17189.186366 51234.971590 1788.988167 -10305.424413 -17125.294561 -20004.673737 -4542.799925 -1073.195924 -13969.541622 -17927.091614 -16540.444130 -6408.672614 -6053.580707 -6846.379422 -7015.837271 -13403.360934
3069.310709 5388.786250 649.799877 2648.776120 7851.337503 -4650.719837 -5065.769548 691.946339 -1617.055605 -5186.145067 8409.767320 3021.182792 -5454.266224 -6060.859954 -9395.252440 178506.184100 -1935.581268 3055.704782 -5449.219779 -7666.898565 761.695002 3109.533905 -6977.016045 -2233.954397 -1908.368133 2381.050451 -8297.872318 -4399.813446 -6635.913878 264.282525 -6356.607390 -3498.640705 -6031.539880 -7043.771644 -8831.995376 -2306.202558 4667.990574 -445.469528 -3898.628316 -3664.508227 1035.826238 605.215931 7559.458987 -2471.184485 -9028.611360 -3303.356190 3151.568655 1603.317245 -8773.826415 -8644.636996 -3751.781673 -5498.461367 961.948463 225.902784 1515.077015 -6352.181327 6829.274161 -9666.943883 -6955.379716 -5002.115177 6739.790165 -4493.585233 -3808.177714 -830.507232 5543.695743 -6285.914447 -1910.563632 -1983.740105 -5861.212079 -7466.713632 -10202.653411 -3111.728855 -4086.218278 991.730379 4545.538554 -6340.591352 -6264.784119 -759.503513 -6280.352947 7755.177768 -4981.075840 7452.803191 -100.855787 861.687619 3054.919226 -9109.415543 -6063.714461 359.832771 5598.686790 -2133.094443 4958.295907 808.680338 -739.600086 -8072.025229 -1289.199530
-2265.340230 -6276.573772 -2340.408074 -3279.895970 3978.942161 7392.091309 2413.107692 7497.710462 -389.636950 2.869608 -583.104465 -3855.329716 5538.505140 -2833.766327 -1721.551163 -1935.581268 173464.357506 -9201.017284 -6466.807431 4283.191466 -6465.459135 -8864.131079 -2804.527770 11998.381927 12419.810556 -5091.790052 331.768898 -7195.601429 -1137.740927 4529.773393 3676.500483 658.963618 1270.198369 -5478.117890 2490.173005 -1615.484287 -1795.215570 -2387.292876 -4186.237628 -4197.662637 -1369.700832 -912.766838 -3780.596340 174.531605 -2002.970894 -9344.201796 -9304.492123 -3847.688022 -3422.838704 473.930187 -1471.640977 -7592.027485 -7761.032727 -1218.431183 -1998.695617 5049.840288 -3964.985383 -924.831832 -124.199961 -6393.857449 -2342.947049 -6558.727718 -340.636216 -6329.605669 -8126.116185 -6895.436609 16.347679 -8074.395411 -4692.493292 -598.265371 1578.896541 -6816.447163 -4522.099558 415.325102 -1216.777421 -5707.413942 -5674.202732 -7522.022126 -6374.150384 -1901.662784 -4270.379355 -3771.143390 -5942.163546 -8826.148925 -9264.466263 -3068.588745 -3499.159060 -632.279957 -725.632842 -9941.515730 44845.655600 7101.512209 -8017.398165 2687.136652 -4834.013756
4388.973792 55800.678345 -9878.881766 -3666.522730 -1889.809206 -10137.978441 -15870.836509 -7636.817168 -7751.382558 -20083.311683 -9202.894875 88478.139872 -19279.341659 -20109.000363 -20057.962432 3055.704782 -9201.017284 190098.396785 72449.040423 -19735.552914 397.772119 134018.473900 -22181.351162 -7772.006999 -10587.985889 -3291.452400 -17945.905882 -15953.854409 -16935.343119 -9000.188301 -17260.682020 -6653.773220 -19539.518287 -14215.624809 -23271.017205 -12581.466509 -4106.767775 -11120.232046 -40.131599 -15954.748847 -14691.915734 -6434.855393 -3645.745122 -16119.781038 -20035.674455 -148.639064 181138.127550 -11368.339642 -21509.974755 -18235.193629 -15214.532210 -12843.533278 -2224.872890 -7975.467019 3916.217295 -16044.576137 5826.227436 -20012.973246 -17531.582804 -20733.026316 3525.547769 -17412.853642 -14127.607781 632.152191 -9.599436 -19027.384030 1342.849207 41665.245105 -15162.390223 -23078.909729 -18099.541707 -5713.738782 -12763.378881 -10176.960759 4164.730887 -18343.523873 -18350.499816 -1510.259485 -17945.054161 -8869.796787 -18122.845684 -3733.192075 995.648779 -2413.514215 180444.212002 -20459.651154 -21220.945122 -15387.220775 -7628.753702 -1896.473654 -10765.136674 -7965.217383 -6407.186992 -19907.195011 -8155.263905
-1164.807814 13009.846611 -6077.533046 -937.239197 -855.776467 -6688.452626 -7582.637840 -3731.548233 -3772.656429 -10928.473769 506.626292 40026.197489 -11388.706105 -12625.043091 -13707.158599 -5449.219779 -6466.807431 72449.040423 200911.311624 -5182.318699 -3011.184112 46482.720037 -16477.519679 -4005.256463 -6215.069125 -5711.775510 -14178.303244 -6422.330501 -7898.726710 -4557.530630 -12559.408145 -3743.255241 -10746.218153 -10014.826374 -10214.991719 -7278.755521 -8433.894630 -4194.000744 17779.931241 -7483.107047 -1289.090449 -4353.192389 2190.474973 -11167.977733 -13255.879689 -3843.195751 72431.671199 22286.136385 -15428.622183 -14920.011890 -3432.592292 -7218.033470 580.935145 -4351.711538 -2887.406402 -11058.454796 6505.650865 -14929.959015 -9041.558495 -13713.822214 7925.225424 -12906.812791 -6323.518297 -1595.728697 -4578.894895 -13384.113662 -3665.113562 2609.835644 -10652.055766 -11876.916048 -6082.383351 -1301.602816 -9623.713258 -6600.318099 4956.038986 -15695.463408 -15804.605472 -3377.761557 -11285.269453 -4046.176948 -13726.782059 2515.868841 10394.219626 -6285.580734 72320.696861 -16513.064224 -14775.594587 -5323.175302 -424.638738 -4566.375514 -6767.443648 -3427.226664 -786.677469 -9270.790868 -4618.588801
-10155.863620 -15574.836768 -7415.653019 -8158.666598 -3792.744622 11004.904687 10835.232828 -2077.718313 -3.062739 14552.852928 -4568.124233 -16643.667036 22926.417305 2668.821257 -2228.342622 -7666.898565 4283.191466 -19735.552914 -5182.318699 176123.875767 -10779.024116 -18160.168872 -52.870425 1080.085750 5075.474193 -10595.559263 -6084.240902 -6705.470540 12637.769730 -4953.583567 19702.173365 11508.704426 20513.487053 4389.958605 27341.671375 -3104.729541 -12249.329910 -2202.385899 -3762.472537 -1825.121988 8903.935254 -10750.345269 -11875.114900 12536.933334 -2092.025234 -15238.297588 -19888.093551 -366.634192 -1176.717633 -6675.568705 4020.376255 -5518.004696 -10262.697565 -7798.892154 -10455.965684 21938.990790 -6260.881780 4783.141707 9984.208208 -5739.899742 -10445.208149 -5205.096037 9857.020913 -12088.994172 -13127.578486 -1383.216472 -13196.295476 -11092.561268 -9237.424812 24125.415828 19829.273376 -8160.558662 -3271.294514 1261.261785 -2720.773916 -7139.243802 -7244.355566 -11049.685308 -8884.099834 -561.691374 -5840.493217 -11770.428698 765.707887 -14929.370931 -19525.874695 -1715.091746 2498.508934 775.621879 -2374.593477 -12209.365059 5884.175234 3300.477737 -6784.416534 32547.234419 -9921.646069
57247.239301 12995.109938 2359.750255 3215.222375 1357.271119 -5567.871736 -7851.029215 -3401.001122 87.656773 -8502.985857 -342.738353 272.178154 -9330.196220 -13823.645710 -14101.833564 761.695002 -6465.459135 397.772119 -3011.184112 -10779.024116 176843.345369 3420.490004 -14035.436362 -3959.017605 -4761.287162 17323.384895 -11447.535085 1323.573844 -6995.590516 -4513.867671 -11655.327802 -4282.303993 -15409.627333 -7214.367530 -14931.147085 5952.637387 5488.914065 2589.823475 -9337.438167 -8735.017002 -6749.924273 13472.199034 87.091293 -12365.035803 -13985.045969 17564.326771 192.594497 5160.392274 -16529.509181 -11758.160251 -3186.463143 -71.329918 7153.556350 8580.549245 7711.017275 -10099.303496 55.913442 -13928.648725 -9412.020381 -14193.443793 2348.733744 -12824.726322 -8520.122515 14491.399965 18820.791020 -13934.845197 18645.166451 -59.100364 -800.445667 -11167.288140 -13574.260672 4196.422345 -2352.721636 2982.126034 1854.270647 -11124.332647 -11029.286813 16536.881624 -12319.740412 1072.269714 -15887.697597 357.168403 -4638.370593 17304.612415 362.909058 -15543.287916 -12452.232352 -3191.082868 -1804.609850 11622.188108 -6800.855604 2581.777604 14957.596304 -10554.042539 1564.849397
-78.973231 86378.363352 -10517.397040 -81.571005 -3239.821058 -11713.942612 -14657.782740 -5424.312173 -6583.231847 -17689.272781 -6902.294387 73797.399260 -15993.122632 -21420.636470 -19987.508140 3109.533905 -8864.131079 134018.473900 46482.720037 -18160.168872 3420.490004 183764.341589 -21161.964912 -8820.014739 -10809.812809 -3053.771863 -20560.085412 -14475.441212 -15175.535453 -6988.557441 -15535.520926 -5349.298646 -18457.251654 -10542.761985 -20718.830636 -8642.048225 -9200.117817 -8434.823894 -4758.645951 -17055.034399 -14554.301915 3253.648773 -7281.699402 -14098.859414 -19838.515992 8596.181019 134168.525617 -7999.596838 -22813.342948 -20954.705289 -11158.028419 -12764.491387 2232.801359 -5990.132017 5437.673829 -14020.405854 7048.851393 -20153.481807 -16842.313507 -21398.716920 -1198.066292 -17640.710239 -11889.557825 6008.150065 4193.562744 -20746.901290 10730.948391 39545.144511 -14143.541065 -19590.364495 -16594.785892 -224.011541 -12079.577591 -9145.369782 5206.671470 -17291.386576 -17383.876407 6538.691154 -18779.559336 -7132.129179 -18815.121913 -7386.669187 3841.128635 5491.264138 133593.736798 -20794.681784 -21385.552258 -12530.093380 -7556.036112 3263.855596 -12018.628252 -8105.194667 -5447.958868 -18340.801381 -2979.306481
-15606.388903 -19215.014161 -9530.261239 -11040.175442 -2806.476390 -399.360751 -53.496480 -5608.007348 -10061.976434 10939.782908 -8662.770344 -16831.000259 -115.314366 51361.225587 -6629.753971 -6977.016045 -2804.527770 -22181.351162 -16477.519679 -52.870425 -14035.436362 -21161.964912 175144.884493 -1943.986639 -1664.231713 -16831.398328 9352.273889 -10624.266010 -1007.067565 -5076.156310 14688.040169 5168.143643 -1580.668227 -5069.241035 -2091.040206 -11847.020758 -11171.112180 -7474.622910 -14423.361849 3360.748574 -7122.213315 -17911.672607 -10272.847943 6575.516738 -6758.213732 -19261.302823 -22355.734531 -11166.087766 108535.601005 9691.541878 -10516.671150 -9857.062633 -13383.028884 -11670.695342 -9382.175086 845.049862 -6418.446710 42383.135356 704.465462 2796.258032 -11252.590472 8397.287488 -875.969166 -17445.234532 -19744.878104 81668.036988 -16450.962525 -12972.013354 -9791.039221 -616.844630 -3014.714906 -12395.060375 -475.720690 -9985.623069 -11637.557750 -2611.863314 -2491.488039 -14895.793971 5589.849829 -11436.423412 8063.705240 -10173.152663 -10412.664798 -18170.414368 -22104.823748 116139.276510 58174.002605 -8034.030896 -6927.029664 -16017.401834 183.466343 -8475.502109 -12126.954980 3335.657852 -15431.189164
-4932.023695 -10321.477373 -4826.950562 -6170.562964 3891.830902 1082.942767 -1335.931347 -2148.647886 -539.487877 1277.222354 2941.497371 -6392.077112 1530.353556 152.294821 -4386.869757 -2233.954397 11998.381927 -7772.006999 -4005.256463 1080.085750 -3959.017605 -8820.014739 -1943.986639 176045.974336 20246.650862 -7445.932612 -3716.719013 -6602.000047 -91.469812 -661.433780 4598.997748 3832.361717 -765.356548 -1450.665547 2825.588949 -3542.292007 2063.035007 -886.341237 -2558.955487 -1823.673552 1136.897795 -5217.745667 -2117.843834 5538.812510 -4587.786413 -10323.225363 -7798.645036 -4083.682857 -2032.402878 -3635.508748 -2877.662850 -4480.769176 -6238.331345 -3721.448561 -6383.079185 2774.737926 -3365.720538 -1683.334028 1116.661027 -1457.114879 6070.896240 -1057.876558 1056.554415 -5152.399530 -8365.908809 -3065.214196 -7841.189935 -4315.443343 -4824.566182 -1252.239182 192.829128 -4178.141801 -1667.729667 3968.516179 -3365.823685 -5650.241953 -5734.119677 -4339.017301 -2984.879201 -2816.475699 -1188.688949 -2114.475335 1218.485256 -8965.887202 -7968.390075 -1833.588892 -3067.686772 -2002.446176 947.126207 -7705.250882 12170.817581 7016.901373 108.168890 218.082820 -6307.617997
-5224.013633 -9735.068013 -1619.595077 -4124.987116 -910.132676 12582.549731 153.052058 -913.561608 -3993.688223 2105.703156 -3140.132827 -8846.942810 3223.692065 673.460362 -8712.567920 -1908.368133 12419.810556 -10587.985889 -6215.069125 5075.474193 -4761.287162 -10809.812809 -1664.231713 20246.650862 171217.347699 -5766.558137 -4569.001963 -3613.069265 -105.770989 -3355.953185 2877.712343 4042.129515 3695.184396 359.773186 4070.031181 -2506.974308 1480.121663 1568.458484 -10328.364513 -4237.437404 -3014.422449 -4504.528113 704.866530 6765.568318 -8984.976591 -7812.225821 -10805.183467 -4102.972473 -2567.974008 -4312.577610 194.013504 -5986.270305 -2677.066486 -400.465117 -1610.619156 2673.536098 -3578.016758 -2253.402448 -1073.825816 -3770.686819 678.588144 -5966.774583 1221.704943 -5004.165840 -5706.196733 -5325.921570 -5528.777623 -5424.958456 -5238.087088 1382.947936 1813.361472 -2181.885267 -2127.131269 -2181.771134 -482.458046 -5098.944068 -4992.499874 -5292.405413 -3016.960890 4398.740599 -5442.298602 852.089789 -2345.448805 -9506.571998 -10697.746568 -708.791628 -1804.296388 -381.086544 1893.271201 -7144.805617 13804.748492 7710.922785 -4444.532262 4822.720974 -3557.928035
12862.844097 6648.793518 1283.418932 -491.511852 -5444.251104 -7937.102386 -8214.191735 -7139.309358 108.842429 -10559.596203 -1805.114932 -4073.256851 -10384.737881 -14915.192006 -16563.856996 2381.050451 -5091.790052 -3291.452400 -5711.775510 -10595.559263 17323.384895 -3053.771863 -16831.398328 -7445.932612 -5766.558137 179571.939654 -12591.285128 -375.209363 -8790.781472 -5055.543827 -13238.639716 -11432.755830 -15889.912682 -9475.233951 -17710.229893 4495.592357 2325.455051 -21.135082 -13822.590360 -8805.805962 -6201.005226 26966.631587 -4420.113043 -13524.512430 -16851.624614 75454.355016 -3071.042823 -157.442749 -19945.967632 -12832.323422 -6506.647734 -3200.337729 4681.681066 4366.891888 1515.963405 -10154.813979 2562.695214 -13815.557674 -7506.092019 -13887.702478 1981.807210 -14750.826170 -9616.689582 19149.009760 45410.981233 -17333.175902 26757.557795 1519.737517 -659.415324 -15231.070530 -14698.458624 1383.474572 -4790.220466 1007.367795 -9063.512668 -11505.860520 -11388.285299 43953.370402 -16444.868930 -266.440503 -16530.019733 -4279.732582 -7578.533605 71432.797872 -3096.798900 -18450.315584 -14765.917272 -5709.517284 -6671.892675 49745.194420 -4696.387816 -3039.402441 10352.590275 -11116.617354 1041.197633
-10867.949552 -22384.997123 -11590.935583 -12627.190595 -8112.926731 4083.271853 -7923.420735 7142.676412 -11510.366783 -6957.164398 -12106.599061 -16079.357214 -8174.479790 11014.253537 36889.137571 -8297.872318 331.768898 -17945.905882 -14178.303244 -6084.240902 -11447.535085 -20560.085412 9352.273889 -3716.719013 -4569.001963 -12591.285128 208927.377001 -12643.967400 -12981.627125 12104.147850 -1410.111569 -8136.904471 -8589.056855 -12682.818339 -8759.128035 -17553.460604 18071.766243 -13031.234223 -16919.666327 4490.523953 -12411.875318 -17310.140437 -1649.036662 -1645.629140 36558.751709 -17869.193980 -17951.103892 -17371.092546 15165.981811 189714.493011 -11105.927301 -13091.695515 -18216.883505 -7317.437997 -9279.055471 -11246.558457 -11346.777380 10792.847407 -9579.096289 37401.038835 -8582.421457 32229.346032 -8779.078446 -13896.112340 -18779.295552 12318.366647 -13282.531335 -15506.626059 -11992.974579 -7664.489516 -8234.835193 -15260.398598 -411.308452 -13154.549188 -16775.710880 36556.756647 36429.197540 -12391.994087 39695.602086 -11583.336018 37685.587312 -1501.726552 -14243.150308 -16559.652080 -17552.881137 13626.245257 12569.832381 -14580.123977 -14273.689422 -15405.242733 977.102784 -6940.024733 -5854.276199 -6235.970336 -16860.132143
-318.273738 -3277.507552 45468.477578 -2069.543742 -2616.200947 -6719.136823 -2207.188551 -5948.161052 243.906087 -5661.122022 13.763587 -10259.353803 -6408.438318 -10198.318613 -7957.021511 -4399.813446 -7195.601429 -15953.854409 -6422.330501 -6705.470540 1323.573844 -14475.441212 -10624.266010 -6602.000047 -3613.069265 -375.209363 -12643.967400 184436.884360 -3637.842900 -5916.721334 -11098.616636 -7928.740804 -2657.927909 131.688939 -5816.711181 10534.387362 -2132.860413 9159.044433 -6126.697406 9371.051367 -5066.598151 -310.768454 -5624.530759 -8059.506511 -7890.591631 -440.742990 -16111.110058 1478.122994 -12261.296451 -12839.320374 54.393142 59496.543297 9028.436649 4452.715296 -1582.931909 -8492.602015 -2364.544494 -8412.147059 -2396.160265 -9217.662098 -1308.532415 -7593.616779 -4826.708153 2316.676461 1176.166845 -10154.921732 226.481558 2659.561888 57771.461299 -3203.060796 247.366405 8558.763229 9120.494672 5312.281052 -7735.317424 -8630.036044 -8374.155958 1071.982086 -8512.142406 2148.079303 -9092.279838 -5688.293538 -1214.681174 -1002.618136 -15846.473317 -11211.173834 -11011.848405 -2294.572691 891.875983 2012.313530 -8242.122663 -5729.013412 2068.592970 -8426.357530 8360.762124
-8600.410184 -12385.641547 -3927.898416 -4044.805872 -4387.481950 3061.710252 43047.047352 -4129.843315 7342.335764 17808.313307 -3115.333201 -14104.484504 23575.853207 -1697.719478 -12325.784866 -6635.913878 -1137.740927 -16935.343119 -7898.726710 12637.769730 -6995.590516 -15175.535453 -1007.067565 -91.469812 -105.770989 -8790.781472 -12981.627125 -3637.842900 171767.328863 -7538.873385 8856.506445 6383.144824 17795.790276 13072.440524 23416.599657 6042.435783 -9761.063064 72.407449 -1648.617044 -2153.943486 3621.860368 -8848.484348 -15244.264450 4949.457469 -12133.458182 -11218.453026 -17169.175031 133.936506 -3347.961774 -12921.934092 7913.393090 -3912.972653 -6990.687974 -3933.017389 -4774.779446 19223.226387 -6425.916778 737.319048 22738.699930 -11184.953078 -5776.084367 -11306.798461 12735.229844 -7858.617187 -9195.991096 -3838.058444 -9039.589822 -5551.515077 -4641.954777 18603.878499 18448.570930 -4439.682078 -2846.528582 4559.405777 336.910877 -10446.173126 -10605.514126 -8475.314184 -11806.462612 -3827.673121 -12927.536225 -15329.249294 -2030.621002 -9356.818012 -16944.879688 -3493.406729 -1795.747705 234.120687 -1222.300127 -9758.659913 -898.363503 2859.924346 -8949.603957 16314.970650 -6606.075625
-4310.796557 -4166.244577 -5388.132268 -7171.942622 -1211.229375 4317.585757 -4536.449538 104951.917995 -4765.385341 -5748.683851 -3046.396997 -1136.295566 -7078.869190 -5126.142123 8094.876943 264.282525 4529.773393 -9000.188301 -4557.530630 -4953.583567 -4513.867671 -6988.557441 -5076.156310 -661.433780 -3355.953185 -5055.543827 12104.147850 -5916.721334 -7538.873385 176000.734868 -4640.716086 -6433.618738 -6867.121997 -12164.651913 -7719.817839 -9282.148732 7897.010752 -6729.391488 -7516.642220 2516.509698 -9778.012011 -7962.311662 4176.016885 -1775.420942 8200.335897 -5176.805929 -9171.241798 -7402.684394 -5786.587093 12440.845998 -9173.660357 -8576.386738 -5808.303581 -7431.462074 -1392.127932 -5710.485368 -8963.703342 -5041.160532 -6362.099025 8422.065104 -4419.947109 8267.518160 -5211.237551 -7513.096104 -8208.680980 -5126.384740 -1352.852780 -9432.877750 -8686.379191 -4846.164042 -6982.605589 -5555.659195 -1549.483599 -4204.503384 203.670787 16227.301380 16490.831750 -7976.309761 10809.049019 -4134.259914 9962.287042 4379.809555 -3091.803567 -5306.835043 -9029.085901 -5740.319060 -3588.129829 -6964.296542 -6123.733864 -7102.534374 5754.193449 -723.866305 -5187.423517 -4321.499741 -5459.256146
-12810.359350 -14479.180602 -8932.420456 -4782.916526 1448.916956 4604.913042 9109.924035 -2760.059922 -1322.072451 16395.891179 -3984.145306 -13033.278236 14974.954302 15936.700155 -5261.636482 -6356.607390 3676.500483 -17260.682020 -12559.408145 19702.173365 -11655.327802 -15535.520926 14688.040169 4598.997748 2877.712343 -13238.639716 -1410.111569 -11098.616636 8856.506445 -4640.716086 175630.456620 17081.381838 11452.781672 6582.268018 15105.263902 -6480.340879 -10247.808576 -6524.130658 -5805.560970 608.274779 4002.873314 -13722.738504 -8915.173903 17659.639723 -5261.496109 -17754.131745 -17434.203663 -7144.420090 15706.887272 -1876.802164 219.172968 -7009.156659 -10893.116614 -8151.278170 -10342.324737 13526.764494 -5106.443356 18675.235796 7512.996397 -6559.356673 -8595.505844 -4769.122371 6669.935730 -11824.993241 -16217.970485 12931.041156 -14177.774916 -8429.651574 -9217.684914 14328.678289 11283.863466 -10855.323393 284.089388 -1022.994764 -1514.069125 -5658.582253 -5775.522465 -11766.684816 -6858.561689 -4525.830609 -5592.145363 -8856.899003 -5238.159311 -16701.815569 -17184.597856 14121.994582 13953.292288 -2596.687800 -673.241244 -11446.078899 5067.229403 2915.350004 -9083.064739 17417.581008 -10675.136997
-10422.009993 -11497.788481 -7029.417194 -493.650441 2953.777392 5939.604327 892.127770 -6120.183621 -2466.305594 10071.666959 1378.510402 -3785.218491 10564.587725 3749.125582 -9562.881413 -3498.640705 658.963618 -6653.773220 -3743.255241 11508.704426 -4282.303993 -5349.298646 5168.143643 3832.361717 4042.129515 -11432.755830 -8136.904471 -7928.740804 6383.144824 -6433.618738 17081.381838 177640.824374 5420.659108 5048.099918 6806.162585 -4011.444361 -8649.664355 -5314.588414 17386.411247 -5712.397845 6378.347050 -13397.423653 -4384.891655 5499.811319 -9578.095440 -11825.978859 -6786.407610 -5070.966719 3046.440754 -7912.611539 395.942698 -8560.195608 -8745.828159 -6595.543733 -6550.519340 7845.271488 -550.063596 2934.908768 2593.531027 -15043.166083 3974.403653 -12190.962944 -3370.691608 -9552.675389 -10860.765542 4193.510486 -12414.687615 -9775.904773 -9157.131549 13249.972075 7904.701644 -9037.247450 -3462.106205 -558.767198 11983.612270 -10609.503019 -10868.293335 -10095.247854 -12517.117009 -1622.539770 -10515.928604 -4429.532800 14243.981645 -11588.865844 -6646.804690 3711.470193 4813.405149 9798.199698 7460.007699 -12542.653293 3302.187959 5332.803425 -8901.868722 10041.066908 -6984.133820
