177184.232154 8089.392799 1909.239364 4395.662281 -1072.011888 -5221.292696 -7635.962684 -1267.406320 -430.273867 -6936.824848 -4022.269941 3007.483927 -9188.746132 -13056.278282 -12480.183033 2438.203937 -2822.148864 4356.791456 -1662.028135 56326.827349 -15762.649085 -5365.615024 11753.177805 -11508.555755 -1060.251886 -9145.000595 -5071.068366 -13105.616570 -10785.693022 -15442.998491 -16697.180685 5231.189251 3397.036281 265.503741 -8001.900504 -8504.638280 -8595.392721 16647.399563 -563.989696 -13025.768641 14228.259794 4342.617866 7672.914369 -18589.750330 -11783.685870 -2479.526917 1217.706045 5741.373595 6477.277325 4769.364728 -10630.143816 709.921605 -12482.466762 -9446.044101 -12698.741916 2992.292854 -13689.218280 -6677.594765 13535.439535 13685.844317 18817.419220 4929.500826 -180.147800 -11993.527719 -13753.484722 3919.968928 -1828.605434 624.228916 -2953.902203 -11255.577786 -10990.182807 13316.047510 -10782.468160 -13517.437124 -266.994840 -8282.783138 12884.017109 4504.130451 -16321.827881 -13143.645684 -3510.729098 -3542.651607 5705.036188 -5408.313033 -2085.987108 13728.177339 -12076.493517
8089.392799 179138.336876 -368.813495 5785.998893 761.646425 -6272.680141 -8753.724725 -615.062732 -3453.831334 -13948.831481 -2713.433798 36441.410538 -13579.555302 -21355.417561 -18191.881818 5553.802509 -6077.992984 56790.977666 13308.034692 12873.276679 -18684.034743 -10080.686470 6285.596248 -22320.992165 -3281.619845 -12250.117927 -4181.322016 -14099.181728 -11139.252886 -16298.238494 -17130.466907 2096.312555 -8126.390693 -328.546143 -10996.547213 -13378.461836 -11854.619553 15789.386525 -6970.629386 -8022.144716 21385.341973 56853.283443 -1822.985521 -21362.880924 -23132.486449 -7777.616316 -3640.224698 9953.780033 -296.705091 10717.570288 -12198.806315 7423.560101 -18645.151150 -11908.143837 -19028.422350 -424.592331 -16375.848578 -8745.798503 16239.531979 14329.495570 22138.704568 19735.377328 -5195.171199 -15665.707640 -16760.110868 9900.132633 -7800.529374 -602.270678 -3180.482967 -15360.489119 -15314.509783 14867.012617 -18258.683219 -16484.991291 -6736.873687 -3048.636909 15150.663323 56670.966689 -19343.721712 -18423.904066 -9458.426307 -6894.372068 11295.213867 -6681.003803 -8236.488783 7740.006575 -14034.299761
1909.239364 -368.813495 179871.669109 -2880.684306 -1317.229243 -4716.874292 -2304.871027 -5194.086916 4622.173680 -5410.969050 -3059.299141 -9139.709713 -6687.496326 -9196.077564 -8644.532839 148.430772 -2715.153606 -9801.139221 -6427.559745 1646.120640 -9569.069869 -5135.674210 342.832952 -12106.140013 44824.511197 -4341.684081 -6038.187528 -9105.513058 -7264.447007 -9193.791751 -11963.534224 9676.833290 438.306029 10270.741368 -12621.552426 3552.616912 -9464.579249 -2359.177550 -4355.148540 -9567.138780 -1631.711954 -9773.775113 -881.906688 -12662.909566 -12292.349420 -1951.763699 62263.161355 6736.680949 6915.238746 -2261.700834 -7939.720800 -3982.331956 -8986.187437 -3783.475898 -10168.914303 -952.208464 -8034.567003 -4459.037383 409.211443 1035.944441 1640.912207 2479.758611 50567.993422 -8743.392379 -6002.920537 7674.575083 5694.186553 4388.746890 -4064.068005 -7619.274546 -7583.803721 -999.494211 -10164.185479 -8792.443653 -4170.430885 -8425.758229 -2657.545853 -9673.315083 -10752.588300 -10785.902071 -7572.577991 -4186.725089 -3952.224913 -5516.729715 -463.765266 2538.643007 -6808.686801
4395.662281 5785.998893 -2880.684306 177075.484648 8913.785418 -2104.117965 -9824.798284 -7707.423523 -4295.340704 -2194.436188 1304.392761 5893.686923 -12002.802469 -9869.520829 -9221.069802 2203.458976 -3655.778287 -3510.050262 -1296.268303 2482.959398 -11059.017076 -6444.973183 -1430.737285 -13135.214029 -2622.385189 -4452.488698 -7768.470668 -4939.341970 -711.053634 -8647.248461 -12026.600161 4653.947620 -4988.103964 -2478.732704 -278.586390 -5906.271955 933.874224 9954.397330 -1588.437338 -5617.089871 5875.858411 -3549.862821 10212.094671 -12643.008448 -13232.304480 -4321.021953 -2998.603760 3743.403375 2108.814907 1831.947193 -8892.200347 30124.567990 -7917.160027 -4135.668030 -9022.581280 19796.488627 -8325.520470 -1845.776095 9981.691742 6174.715111 5194.892458 4183.658808 -775.809367 -10473.438421 -9916.574007 2367.218455 -4391.184817 -1551.294288 -3938.450437 -8798.380411 -8503.955706 5672.283087 -8890.767429 -8637.243821 -1586.565638 -3368.564787 2016.461083 -3490.557203 -11988.555408 -8603.347481 690.192990 4793.418538 3052.547015 -6472.275449 3895.273209 3672.882567 -8058.342828
-1072.011888 761.646425 -1317.229243 8913.785418 179114.782573 -71.804946 -3939.925683 -74.741434 181.955447 -5980.264377 5870.124067 3374.409834 -4928.483281 -871.350008 -11452.120821 7329.708057 3561.736185 -1757.333147 -1226.111637 575.242869 -2836.497830 3566.267990 -6373.129551 -8640.925049 -3258.005065 -4800.964691 -1859.762593 1285.931637 2704.560192 -7426.008566 -9219.358812 -2975.432902 3477.054454 -2465.084218 738.024205 -1013.079853 4719.818512 -7396.672397 3014.725815 1557.564500 -8449.486402 -1620.281224 -1633.372656 -2572.489995 -8507.796118 -5337.471650 -4276.257854 -4465.755101 -4396.989588 -1743.673910 -8313.377447 1561.797348 -4706.044340 -4222.770310 -4639.153368 2176.541395 -6660.387922 -1000.522066 -7249.761464 -5091.213872 -5591.366481 -1236.399570 -5154.257582 -3934.870066 -5201.432402 -488.319268 -4731.924968 651.952583 5357.782520 -6107.736354 -5990.137937 -8334.243777 -7314.857704 -6973.291495 3190.803165 7663.216514 -10218.097930 -1760.774286 -3289.001198 -1084.844228 6009.492366 3954.600960 -7886.775001 -75.088033 5920.055734 -1010.032372 -5007.026834
-5221.292696 -6272.680141 -4716.874292 -2104.117965 -71.804946 173597.195958 2941.111690 9992.534972 -1149.955566 4798.638344 -901.086767 -7077.417068 5679.884577 1785.580457 -1993.334710 -4794.563474 7355.335674 -9735.285850 -6737.341483 -5986.154409 -92.931033 1101.820070 -8568.415471 3922.780012 -7016.749236 2967.502093 4024.165585 4756.737007 6021.151111 6512.591095 4786.029314 -3063.514860 -4294.096336 -5100.413778 1248.637242 -1471.677579 -791.528313 -12842.895457 -2315.104823 10561.247073 -12049.206147 -9875.207255 -2546.186311 1377.980755 4047.663757 -3742.646169 -10060.540114 -5813.432310 -2428.131456 -3383.374417 3429.693889 -451.898730 1093.015915 -3173.634349 2015.511956 -2663.593620 -1591.811505 -1411.403219 -8401.664991 -12477.046892 -10780.790233 -8404.910483 -8180.361071 5327.217868 5367.594593 -7216.675105 -3133.193760 -1797.149144 -3526.532436 -5708.759161 -5790.427478 -7703.671247 -1493.921383 -1750.132563 -2391.945941 -3197.066585 -14345.503361 -9736.388186 -2244.399510 -388.608666 -2901.842612 -2654.308890 -9425.935932 9109.882336 8620.320915 -5787.822905 8507.536135
-7635.962684 -8753.724725 -2304.871027 -9824.798284 -3939.925683 2941.111690 168139.047012 -2161.810175 7864.357371 14544.165253 -4655.084909 -11632.812893 20392.515840 435.630688 -11653.661017 -5442.806383 2159.393089 -15649.005759 -7818.905727 -8432.238889 61.828561 -1539.572415 -9000.873689 -8328.531820 -2714.887623 42774.623681 -5050.238323 9078.606620 794.668305 19914.630308 20130.392824 3591.402938 -10698.012510 4507.306931 -6318.489423 -1947.796451 112.282115 -10907.538503 -14292.991143 4981.600241 -12824.761692 -15737.748795 -1333.728228 -108.047649 -8044.989130 2682.736098 -2421.444833 -7432.777388 -2640.014805 -3742.059722 21564.521603 -10034.305421 3268.548957 18190.093763 -10892.898764 -9947.549131 -8574.444629 9072.448171 -10022.462932 -10798.244701 -9652.026120 -7077.254876 -1486.119022 12616.191670 13040.537044 -4070.136728 -4538.496348 5563.323822 314.990708 -9747.969467 -9972.738596 -8720.531068 -12026.105693 -9665.543788 -14471.194521 -1373.263683 -11261.554814 -15692.572145 -119.884958 941.929024 121.336889 -3020.222350 -10388.078256 2370.943537 1009.375782 -9705.887071 15069.056846
-1267.406320 -615.062732 -5194.086916 -7707.423523 -74.741434 9992.534972 -2161.810175 173738.574007 -2656.222799 -3761.387459 -2382.577323 871.167218 -5109.480252 -4927.049552 4757.703647 218.733232 7136.292675 -7466.749612 -4043.497863 -4108.935891 -5569.068022 -2424.086442 -8033.285672 6641.671468 -6509.843439 -4536.145872 104372.820342 -2913.303178 -6327.865266 -4587.064541 -3860.917522 -6744.235798 2055.743809 -7634.350502 -7167.980821 -599.332274 -9908.539010 -8012.251062 6640.798870 -2372.626198 -8416.368551 -7422.595632 -5582.622497 -6623.572339 6833.247283 -7034.501860 -8636.338020 -6388.628887 -5161.735925 -1369.884320 -3587.727680 -10125.196585 -5946.922967 -6704.300171 1217.546506 -5584.875110 1271.064067 -4908.633505 -8722.503894 -9836.368961 -1405.762046 -8794.893709 -7880.934297 -2489.652629 -3045.927123 -5625.210951 -5498.056130 -5587.141279 2061.219959 6773.155938 6785.151054 -9455.179167 923.662680 1176.703610 6752.567944 -1359.560617 -8433.666374 -7416.871840 -6342.159391 -5293.213774 -6191.245893 -4590.963473 -10590.174482 8522.715598 1663.858077 -7273.130685 -2403.084719
-430.273867 -3453.831334 4622.173680 -4295.340704 181.955447 -1149.955566 7864.357371 -2656.222799 173703.575429 5475.210374 -1830.692033 -4324.194508 2604.636466 -6779.259565 -15150.871919 -2016.600683 -701.581828 -7562.055579 -4051.021474 -571.773860 -9997.437978 -732.330108 -754.486500 -11907.922687 -299.644528 7011.592146 -5303.872387 -1389.432683 -2605.741942 2622.548295 5586.510152 8114.180721 -8751.298539 5455.630242 375.500769 -6768.311412 -1958.690692 174.051950 -10575.578229 -689.954829 -4016.046808 -7580.589135 5101.008050 -10364.882837 -12016.729653 2524.433022 1947.405433 3139.252967 3282.730701 -2007.224904 4950.779453 -1380.584190 -6797.157316 12239.550021 -15263.153145 -5022.899120 -14005.701480 10705.921341 -2471.587602 -4502.284432 2165.965525 5649.331435 1755.324668 -104.712431 1814.943010 3106.176123 -4263.388066 22032.420167 1258.266233 -14293.163345 -14239.123050 -20.480306 -15455.600121 -13254.152639 -10447.730063 -1324.863486 -3141.271492 -7349.894348 -11097.845320 -8146.470162 404.382107 879.839309 -2883.728902 -2711.816056 2874.944201 -1294.670082 2541.531920
-6936.824848 -13948.831481 -5410.969050 -2194.436188 -5980.264377 4798.638344 14544.165253 -3761.387459 5475.210374 172836.999749 -3841.436565 -13351.626453 15402.233584 14354.630610 -6671.818422 -5342.654655 -66.646581 -19663.599645 -10964.406383 -8912.236727 11281.271453 1299.830292 -11159.610318 -7141.106364 -5920.182229 17745.199092 -6062.963304 16585.937923 10203.448654 10697.726095 10457.998910 -1123.735814 -10909.472232 -4473.254987 -5720.242812 -219.171687 1391.400397 -13119.643878 -10775.851317 9580.459934 -13933.477412 -19814.162716 -1221.042990 11353.542020 -7270.860657 2899.140139 -4889.127855 -8697.162833 -8282.184798 -5443.683141 11608.918783 -7970.062940 13641.548463 18901.075951 -6078.649792 -6900.215434 -5103.328842 13479.159623 -13163.327320 -14340.430949 -9473.523989 -7273.422830 -5506.207826 11964.712053 9090.474797 -8017.042155 -2047.321652 2381.103881 362.939960 -8763.246734 -8700.969219 -7876.078679 -8121.018148 -6936.058210 -10805.883006 -6206.002706 -13447.973169 -19596.900566 9085.038651 9351.088677 -510.227745 -541.381386 -10501.187408 1894.603166 1868.138424 -8759.034616 15326.936248
-4022.269941 -2713.433798 -3059.299141 1304.392761 5870.124067 -901.086767 -4655.084909 -2382.577323 -1830.692033 -3841.436565 180983.800211 -5055.701552 -2374.462189 -6667.207055 -11193.630193 8107.868420 -783.557594 -8881.244661 317.467127 -914.729017 -8524.430083 2834.441257 -2590.601360 -12462.721334 -429.073158 -3340.703865 -3517.715902 -3972.369497 1382.263116 -3889.543800 -4438.812732 680.208180 -5437.429868 -295.784553 14199.952071 -4039.373577 8990.542532 476.546548 -894.560953 -2528.386421 -7015.918055 -8839.433194 4939.116643 -10614.033934 -12709.252382 4345.200041 -1782.064654 6704.963515 1055.607471 1369.401841 -5945.085865 5229.177624 -5875.150693 -4564.925631 -11647.457013 -445.498002 -11362.992278 -4044.691557 3360.359341 -4096.441456 -3142.701123 -2251.633643 -0.280527 -5243.933566 -1522.505120 5705.431379 -4292.312196 646.977934 9188.188305 -10837.778969 -10887.378123 -430.889790 -13265.862391 -10898.863384 -795.895563 9497.565930 -604.579306 -8771.087343 -9324.915295 -7133.305299 13102.112814 12748.199813 -742.314198 -3841.417104 -761.382012 1358.007362 -5068.016795
3007.483927 36441.410538 -9139.709713 5893.686923 3374.409834 -7077.417068 -11632.812893 871.167218 -4324.194508 -13351.626453 -5055.701552 183300.824557 -15753.180049 -16117.298476 -13365.959179 2852.157805 -3925.944997 89271.108024 40136.110924 -181.138550 -16573.707493 -6431.717846 -4748.952504 -16317.504671 -10626.487952 -14232.553127 -1445.304455 -12923.645911 -3683.205563 -16647.531443 -17711.125477 -6520.103193 -3988.283014 -7879.589792 3784.363946 -11892.537816 -8184.455132 -5359.369050 716.876087 -9889.556643 2109.169374 89251.229231 -5131.035442 -16996.406990 -16450.075735 -9843.516942 -8143.311858 -1646.766531 -4842.116897 4186.571762 -15142.807393 11089.754102 -15382.116256 -14147.150608 -13946.155470 7889.243134 -14676.142690 -13396.775353 -630.363243 -1770.691165 4082.078420 21382.430785 -10963.337532 -16317.663259 -15274.551765 -2558.593322 -8650.823870 -3785.194221 8154.080416 -14588.277130 -14449.818329 -1738.709281 -14495.293166 -13595.712440 742.503589 7325.569497 -857.429976 88783.708788 -16523.963828 -17847.029605 -6240.631075 -5869.945024 16.896439 -6667.751167 207.146260 -2390.559912 -14928.649587
-9188.746132 -13579.555302 -6687.496326 -12002.802469 -4928.483281 5679.884577 20392.515840 -5109.480252 2604.636466 15402.233584 -2374.462189 -15753.180049 172403.655751 249.603275 -6255.127911 -5563.835778 5546.803282 -18819.298045 -11399.029035 -9711.227545 244.261407 1638.180181 -10953.367288 -8310.890410 -6653.025958 23582.832627 -7348.424165 15203.774136 10759.795170 35101.367307 38616.552596 -1642.292905 -14142.171518 -797.784915 -2182.152847 -5233.536517 3138.273284 -11695.412696 -15401.568407 7995.490641 -14282.499662 -18743.200469 -3349.432407 86.412852 -8248.026797 7474.131179 -7644.587005 -12692.714578 -7436.549598 -10470.419615 39234.787581 -8544.513412 5448.407143 13921.344070 -7767.931556 -12930.751540 -8580.062442 13047.071238 -14155.155553 -10033.630272 -12614.096417 -9344.044061 -8032.116301 26418.997362 24366.938654 -5488.651258 -4966.837132 388.257048 1398.512247 -10155.193961 -10149.575693 -13524.569521 -9720.791008 -8744.503520 -15337.824430 -3160.389886 -14193.970654 -18618.837012 -762.709992 -66.265699 3594.999473 -2108.350820 -12838.097531 3317.972761 145.755723 -9794.544939 22830.749230
-13056.278282 -21355.417561 -9196.077564 -9869.520829 -871.350008 1785.580457 435.630688 -4927.049552 -6779.259565 14354.630610 -6667.207055 -16117.298476 249.603275 173500.069869 -197.329981 -6135.136144 -2829.317343 -19619.517454 -12577.153156 -14137.782385 51916.109676 270.985278 -15425.570048 10970.841183 -10389.049307 -1717.928332 -5338.905482 16188.316311 3927.688100 2311.691007 175.784908 -9818.925419 -6860.594697 -6654.632487 -13952.640417 7739.395918 -5568.014432 -17407.825028 -6408.659155 8645.945556 -20087.054271 -19648.891979 -10867.796153 63262.039821 11275.819935 -8651.615349 -9405.808743 -13944.007748 -10939.408414 -9768.023972 -746.598689 -4686.777614 43926.233358 1512.383535 6103.665687 -10192.184623 9699.414038 -760.068439 -14837.600457 -18224.858935 -16113.813297 -12565.759109 -8294.101160 1293.971061 439.842552 -12050.335711 1679.112864 -6483.939805 -8543.561679 1674.517302 1547.764057 -15527.411698 6960.101764 10899.698790 -6363.312239 -8443.911962 -19569.004783 -19540.979736 56888.800782 69712.174147 -6183.791542 -9824.614085 -17666.354667 -2441.345024 -5317.360645 -10268.937907 2489.858066
-12480.183033 -18191.881818 -8644.532839 -9221.069802 -11452.120821 -1993.334710 -11653.661017 4757.703647 -15150.871919 -6671.818422 -11193.630193 -13365.959179 -6255.127911 -197.329981 209026.259719 -8257.977543 -462.306761 -18339.299022 -12401.096922 -13261.615657 -5001.707388 -3048.888353 -15930.355092 38266.915108 -6938.877372 -11160.913193 9158.122131 -3817.001569 -8192.873814 -8996.744353 -7123.266304 -14899.578072 15391.046596 -11154.280460 -18133.714560 7791.249411 -7525.795503 -17139.018415 2925.284699 -2481.749337 -14653.144500 -18609.789957 -9736.362170 -3533.459178 38803.277386 -13131.665436 -8462.670522 -16536.236579 -13229.230851 -10610.440959 -9978.104346 -6809.473014 1950.812180 -8261.529204 65551.500767 -6261.149192 44589.279052 -8121.987255 -12569.081461 -16033.589194 -15246.490747 -17522.579355 -10138.689377 -8827.830878 -6640.018428 -10922.260020 1729.378199 -16536.126315 -13968.421192 83073.205326 83083.770962 -15846.275489 64173.639043 52842.859468 2734.333831 -9068.490640 -16436.139419 -18290.202339 -2807.266333 342.723282 -12784.744675 -16650.809521 -15683.275615 -5184.384575 -4859.664823 -5927.250364 -5573.945544
2438.203937 5553.802509 148.430772 2203.458976 7329.708057 -4794.563474 -5442.806383 218.733232 -2016.600683 -5342.654655 8107.868420 2852.157805 -5563.835778 -6135.136144 -8257.977543 178373.411908 -2195.340885 3296.603679 -5680.722263 153.653395 -6854.443086 -2409.317582 1582.089259 -8679.663888 -4872.457145 -6954.540499 -238.030290 -6405.833358 -3563.317487 -6071.199982 -8834.505700 -2674.193218 4119.546535 -859.901616 -4244.836201 -4064.976069 770.520677 158.588813 6910.619321 -2495.583592 -4055.886049 3387.043650 1230.602450 -8600.437922 -9026.489569 -3786.803930 -6065.792167 727.704423 -70.242193 1203.691743 -6489.037682 6489.150176 -9799.292262 -7178.674342 -5167.123773 6195.856270 -4758.754471 -4057.337343 -1376.780758 4814.384475 -2505.868193 -2047.097145 -6313.337474 -7516.874496 -10241.667720 -2892.950988 -4458.990897 690.158827 4272.677190 -6293.301492 -6220.321371 -1316.061431 -6484.777955 -5186.299427 6799.914827 -329.894688 74.953084 3289.256902 -8894.186757 -6151.605177 113.007379 5448.044870 -2760.073337 4672.125148 508.260188 -1317.106929 -8118.723433
-2822.148864 -6077.992984 -2715.153606 -3655.778287 3561.736185 7355.335674 2159.393089 7136.292675 -701.581828 -66.646581 -783.557594 -3925.944997 5546.803282 -2829.317343 -462.306761 -2195.340885 173589.557759 -8852.628169 -6592.873310 -6988.177160 -2596.167657 11962.208726 -5808.653941 79.346331 -7572.606215 -1318.803783 4120.138647 3735.249722 660.727265 1313.033990 2602.343943 -1884.875318 -2210.772359 -2657.206608 -4432.086659 -4481.136414 -1461.722713 -1270.165108 -4286.853551 223.716764 -10036.763079 -8956.740687 -4137.796803 -3160.553073 216.774331 -1403.433154 -8059.314235 -7879.868705 -1397.223357 -2195.879280 5021.182568 -4239.933941 -943.570090 -263.334890 -6436.256330 -2768.471389 -6724.224740 -466.835766 -6782.160788 -8724.624897 -459.325401 -8034.665351 -5025.070530 -546.129262 1661.851618 -6531.319376 -4824.705331 189.862765 -1382.553689 -5555.081551 -5521.195958 -8025.884989 -6441.266415 -4348.489654 -4280.208644 -6076.300142 -9519.776154 -8919.028310 -2744.468011 -3507.837102 -770.042311 -772.430238 -10468.864778 44676.916168 6893.827288 -8469.829113 2745.657415
4356.791456 56790.977666 -9801.139221 -3510.050262 -1757.333147 -9735.285850 -15649.005759 -7466.749612 -7562.055579 -19663.599645 -8881.244661 89271.108024 -18819.298045 -19619.517454 -18339.299022 3296.603679 -8852.628169 191691.902465 73103.047899 380.136406 -21515.991694 -7348.295763 -3482.399977 -17716.776248 -15854.587861 -16650.232500 -8870.906088 -16722.882834 -6119.360157 -19016.657847 -22699.765564 -12340.105876 -4019.720767 -10889.774510 308.666588 -15752.999893 -14308.444544 -6289.269099 -3643.596410 -15561.326950 -249.414912 182710.674690 -11069.201239 -20773.654425 -18009.130854 -14639.794018 -12794.662747 -1801.739854 -7664.485199 4250.800276 -15607.037585 6128.638256 -19562.282467 -17180.535320 -20299.265834 3609.466029 -17071.830808 -13782.558937 707.467233 -130.499088 1415.207786 42440.118880 -15020.411689 -22552.960403 -17553.424372 -4849.245922 -12546.592560 -9900.361022 4550.651320 -17735.780905 -17740.453191 -1467.942682 -17520.406067 -17730.294286 -3734.510231 1434.784223 -2562.787418 182008.449610 -19692.075655 -20755.770902 -15064.952773 -7193.572668 -1869.376804 -10432.844964 -7699.402452 -6362.671110 -19373.260114
-1662.028135 13308.034692 -6427.559745 -1296.268303 -1226.111637 -6737.341483 -7818.905727 -4043.497863 -4051.021474 -10964.406383 317.467127 40136.110924 -11399.029035 -12577.153156 -12401.096922 -5680.722263 -6592.873310 73103.047899 201156.824473 -3492.922207 -16257.960924 -4087.491675 -6396.514331 -14427.688909 -6803.167953 -8057.248786 -4894.367228 -12477.548921 -3702.968725 -10666.650415 -10059.590431 -7525.313740 -8820.086875 -4464.178812 17557.281277 -7776.797965 -1389.542224 -4717.540854 1708.893710 -11083.559272 -4476.955516 73086.715026 22097.121400 -15136.225856 -15171.439757 -3319.423501 -7669.414483 489.201421 -4545.231341 -3048.437682 -11081.487187 6299.590332 -14941.656299 -9137.217591 -13757.762429 7448.813341 -13023.477591 -6437.572861 -2056.947055 -5194.794091 -4090.234304 2696.540686 -10986.575580 -11793.694239 -5988.650167 -944.231837 -9907.298269 -6810.973123 4834.829320 -15522.060590 -15634.612411 -3889.264282 -11347.890007 -13793.950976 2031.624630 10318.639541 -6945.609586 72970.424771 -16191.117919 -14744.271094 -5463.228434 -517.558171 -5087.049501 -6939.568494 -3574.596663 -1226.821802 -9184.704194
56326.827349 12873.276679 1646.120640 2482.959398 575.242869 -5986.154409 -8432.238889 -4108.935891 -571.773860 -8912.236727 -914.729017 -181.138550 -9711.227545 -14137.782385 -13261.615657 153.653395 -6988.177160 380.136406 -3492.922207 176013.973431 -14169.824802 -4372.514984 16247.578913 -12083.465952 628.133772 -7513.089426 -5237.204457 -11945.225587 -4616.183168 -15705.432962 -15194.662271 5354.065203 4702.078950 1930.068331 -9972.904278 -9414.057345 -7238.896935 12714.043748 -832.739724 -12664.499522 16573.447231 169.368421 4539.802223 -16627.381551 -12394.245009 -3469.633677 -858.664543 6681.123013 8029.007116 7170.820775 -10480.584331 -583.849049 -14327.412782 -9876.251985 -14593.414257 1550.981621 -13318.798412 -8992.903566 13668.872471 17849.577346 17796.695501 -390.475101 -1472.025955 -11467.621311 -13884.035620 4178.363088 -2984.561905 2398.963493 1339.777917 -11330.695430 -11241.189364 15693.630786 -12727.542540 -16312.814752 -560.846583 -5121.586926 16315.494781 338.626131 -15574.835685 -12795.750607 -3704.981852 -2238.612946 10733.424234 -7348.339673 2040.288449 14109.529239 -10867.263793
-15762.649085 -18684.034743 -9569.069869 -11059.017076 -2836.497830 -92.931033 61.828561 -5569.068022 -9997.437978 11281.271453 -8524.430083 -16573.707493 244.261407 51916.109676 -5001.707388 -6854.443086 -2596.167657 -21515.991694 -16257.960924 -14169.824802 176275.908720 -1637.376085 -17155.585785 9516.087011 -10659.904552 -824.747078 -5087.545186 15175.437158 5555.557370 -1129.961646 -1632.144140 -11716.444508 -11229.334854 -7408.245094 -14330.548868 3467.845227 -6903.649952 -17909.008745 -10435.247518 7018.715302 -19530.841439 -21693.978256 -11031.482842 109568.293409 9852.999565 -10072.666911 -9962.758801 -13143.308973 -11540.035963 -9210.166006 1200.944545 -6336.843562 42852.208794 915.400988 3135.110751 -11322.139406 8644.564824 -640.087755 -17555.717775 -19967.627544 -16553.857961 -12603.291893 -9779.401069 -192.552214 -2603.203578 -11754.658394 -426.294408 -9841.734193 -11450.552860 -2106.193359 -1986.089063 -15036.042434 5915.638058 8366.126411 -10334.548330 -10174.079151 -18473.963913 -21445.688934 117268.499873 58722.400541 -7850.521852 -6674.588569 -16172.340174 393.466577 -8315.433850 -12222.475558 3781.173543
-5365.615024 -10080.686470 -5135.674210 -6444.973183 3566.267990 1101.820070 -1539.572415 -2424.086442 -732.330108 1299.830292 2834.441257 -6431.717846 1638.180181 270.985278 -3048.888353 -2409.317582 11962.208726 -7348.295763 -4087.491675 -4372.514984 -1637.376085 176393.029638 -8041.586604 -3911.498715 -6882.528118 -177.357583 -978.614008 4772.830250 3945.712654 -604.612811 3044.378003 -3711.049398 1757.183288 -1084.978715 -2690.382235 -2048.634355 1117.185301 -5514.942650 -2546.949870 5691.191172 -10870.187632 -7378.164885 -4248.966575 -1670.965611 -3832.767122 -2741.089857 -4876.566387 -6306.136096 -3859.287276 -6508.570752 2840.023317 -3567.665769 -1619.121507 1077.717530 -1423.362076 5724.239979 -1117.411836 1008.125942 -5539.346306 -8852.660416 -8224.785345 -4230.171156 -5073.187248 -1118.277502 358.257167 -3797.528719 -1887.279461 3858.972048 -3447.431253 -5444.674796 -5532.571734 -4740.986674 -2983.932482 -1178.124634 -2548.558386 1181.908640 -9536.461201 -7551.228933 -1427.060327 -2971.272563 -2064.135102 960.407479 -8116.720558 12116.482483 6925.876687 -271.691506 362.769511
11753.177805 6285.596248 342.832952 -1430.737285 -6373.129551 -8568.415471 -9000.873689 -8033.285672 -754.486500 -11159.610318 -2590.601360 -4748.952504 -10953.367288 -15425.570048 -15930.355092 1582.089259 -5808.653941 -3482.399977 -6396.514331 16247.578913 -17155.585785 -8041.586604 178224.501565 -13465.998196 -1301.839352 -9497.927706 -5978.237949 -13711.204099 -11962.077605 -16362.532437 -18145.893696 3707.176575 1302.452411 -875.498529 -14665.406677 -9675.389351 -6891.459935 25993.555541 -5504.692336 -13997.026977 74131.554219 -3264.442302 -1001.835575 -20254.661429 -13704.456522 -7002.424510 -4216.045773 4002.046380 3645.587003 738.847164 -10731.219759 1755.467196 -14383.132310 -8178.641831 -14484.863124 971.047040 -15442.392422 -10263.054652 18134.310091 44187.294254 25662.729969 1014.707025 -1559.713127 -15668.645154 -15172.219229 1179.394666 -5643.277925 257.041836 -9767.211297 -11919.248212 -11801.807801 42884.268740 -17062.517932 -17170.008159 -5363.539407 -8273.157840 70077.443819 -3289.746527 -18689.795916 -15293.273491 -6407.679357 -7284.610149 48583.049977 -5415.116769 -3765.685452 9290.704048 -11590.720480
-11508.555755 -22320.992165 -12106.140013 -13135.214029 -8640.925049 3922.780012 -8328.531820 6641.671468 -11907.922687 -7141.106364 -12462.721334 -16317.504671 -8310.890410 10970.841183 38266.915108 -8679.663888 79.346331 -17716.776248 -14427.688909 -12083.465952 9516.087011 -3911.498715 -13465.998196 208800.494961 -13143.477657 -13311.812875 11579.565876 -1450.663737 -8272.407280 -8640.083371 -8783.511848 -17923.452447 17516.561457 -13464.974499 -17331.752570 4060.929947 -12675.855652 -17818.174835 -2342.040724 -1691.004682 -18687.154055 -17726.752460 -17738.154301 15384.651897 189550.324025 -11173.076347 -13713.708669 -18482.561164 -7653.624925 -9611.919644 -11387.835468 -11760.115611 10705.247318 -9847.605202 37312.236137 -9188.023368 31996.405547 -9040.062281 -14514.217083 -19531.839420 -13870.254366 -15644.221283 -12460.252584 -7700.337232 -8276.868667 -15092.234730 -860.070259 -13513.886096 -17064.033233 36682.127696 36554.894486 -13029.680252 39572.372765 37545.582480 -2194.284904 -14520.931420 -17379.304151 -17328.108071 13892.563500 12503.895205 -14862.586430 -14498.177394 -16082.497116 705.748692 -7266.795674 -6460.428177 -6284.832685
-1060.251886 -3281.619845 44824.511197 -2622.385189 -3258.005065 -7016.749236 -2714.887623 -6509.843439 -299.644528 -5920.182229 -429.073158 -10626.487952 -6653.025958 -10389.049307 -6938.877372 -4872.457145 -7572.606215 -15854.587861 -6803.167953 628.133772 -10659.904552 -6882.528118 -1301.839352 -13143.477657 184002.620205 -4054.014969 -6530.901028 -11272.613793 -8124.435718 -2745.574246 -5861.781166 10098.607409 -2787.244431 8633.889009 -6535.367228 8818.282804 -5318.782661 -799.930936 -6378.731714 -8266.648877 -1286.897296 -16011.382894 1008.172480 -12228.798331 -13341.620274 4.824284 58751.715538 8704.270217 4025.725992 -2014.578931 -8746.790823 -2863.971121 -8687.817331 -2752.845508 -9502.080694 -1993.437962 -7981.710096 -5198.542279 1628.295752 343.465833 -490.000101 2441.753285 57239.875564 -3275.153732 147.861093 8671.697469 8597.993986 4863.849547 -8108.283578 -8715.476464 -8462.678006 355.241734 -8829.511346 -9410.959102 -6441.843716 -1497.636225 -1862.707447 -15746.370378 -11137.901915 -11225.074806 -2548.000849 685.850915 1354.220409 -8633.132071 -6136.094384 1380.871896 -8593.754323
-9145.000595 -12250.117927 -4341.684081 -4452.488698 -4800.964691 2967.502093 42774.623681 -4536.145872 7011.592146 17745.199092 -3340.703865 -14232.553127 23582.832627 -1717.928332 -11160.913193 -6954.540499 -1318.803783 -16650.232500 -8057.248786 -7513.089426 -824.747078 -177.357583 -9497.927706 -13311.812875 -4054.014969 171822.859531 -7981.536201 8902.188045 6392.042035 17839.659500 23526.550931 5758.938089 -10227.874136 -263.275904 -1907.889321 -2510.417662 3496.321397 -9268.249513 -15802.071950 4968.826556 -11883.095767 -16887.115375 -148.180928 -3119.753851 -13253.812421 8008.406661 -4421.349275 -7172.094070 -4160.178080 -5000.636601 19175.478670 -6710.659115 659.672814 22626.255447 -11280.268283 -6243.461764 -11522.118088 12597.919760 -8348.958849 -9789.697828 -9553.540812 -5560.727343 -5030.680691 18666.565049 18515.883297 -4174.940034 -3160.116744 4274.597085 163.253631 -10357.752375 -10522.185957 -8990.600176 -11939.280432 -13083.270159 -15888.951065 -2167.796926 -10040.938397 -16665.996181 -3220.290585 -1812.513354 56.839095 -1332.084200 -10281.135894 -1095.721061 2648.047713 -9436.095469 16373.533481
-5071.068366 -4181.322016 -6038.187528 -7768.470668 -1859.762593 4024.165585 -5050.238323 104372.820342 -5303.872387 -6062.963304 -3517.715902 -1445.304455 -7348.424165 -5338.905482 9158.122131 -238.030290 4120.138647 -8870.906088 -4894.367228 -5237.204457 -5087.545186 -978.614008 -5978.237949 11579.565876 -6530.901028 -7981.536201 175504.696544 -4844.054315 -6682.912641 -7052.600749 -7855.855846 -9773.456809 7224.976652 -7267.320628 -8040.911690 1962.178388 -10163.454503 -8568.139064 3449.155111 -1962.349003 -6031.909215 -9044.572363 -7886.120303 -5757.650908 11918.169180 -9363.631508 -9282.269728 -6145.131299 -7878.527484 -1823.194938 -6015.356447 -9513.515905 -5318.690682 -6734.994273 8162.752261 -5110.318712 7903.029634 -5559.828767 -8184.994593 -9034.258854 -2017.056877 -9631.000430 -9266.715866 -5047.517535 -7168.602748 -5447.084866 -2122.706543 -4682.374694 -188.146386 16166.434209 16426.771237 -8659.513206 10528.764158 9672.639574 3656.244871 -3442.837416 -6179.652747 -8902.273901 -5659.229207 -3802.222667 -7351.823341 -6458.046453 -7858.363645 5289.257919 -1168.259650 -5883.642884 -4503.212401
-13105.616570 -14099.181728 -9105.513058 -4939.341970 1285.931637 4756.737007 9078.606620 -2913.303178 -1389.432683 16585.937923 -3972.369497 -12923.645911 15203.774136 16188.316311 -3817.001569 -6405.833358 3735.249722 -16722.882834 -12477.548921 -11945.225587 15175.437158 4772.830250 -13711.204099 -1450.663737 -11272.613793 8902.188045 -4844.054315 176330.763904 17350.982941 11760.266795 15484.198293 -6507.976121 -10429.049388 -6616.028994 -5847.727748 508.467622 4144.794157 -13872.502533 -9226.961104 17968.354936 -18169.174594 -16899.048115 -7167.630807 16234.270655 -1921.966760 497.812988 -7268.086269 -10807.470427 -8128.299820 -10334.970736 13759.261612 -5166.775607 18878.282333 7595.107577 -6415.758109 -8804.401577 -4699.682897 6765.031793 -12063.582557 -16593.911698 -14450.220396 -8217.236109 -9339.089290 14643.158171 11585.044016 -10350.918212 217.889536 -1023.636193 -1452.999258 -5332.093135 -5452.641392 -12066.928079 -6705.449693 -5463.490485 -9169.500485 -5134.276339 -17147.318399 -16652.385760 14696.284706 14186.895138 -2522.664437 -524.579652 -11756.762115 5117.326634 2971.058456 -9317.059227 17735.426253
-10785.693022 -11139.252886 -7264.447007 -711.053634 2704.560192 6021.151111 794.668305 -6327.865266 -2605.741942 10203.448654 1382.263116 -3683.205563 10759.795170 3927.688100 -8192.873814 -3563.317487 660.727265 -6119.360157 -3702.968725 -4616.183168 5555.557370 3945.712654 -11962.077605 -8272.407280 -8124.435718 6392.042035 -6682.912641 17350.982941 178190.216844 5691.873798 7073.119292 -4100.538360 -8911.543657 -5459.458319 17309.982397 -5875.921240 6424.132438 -13587.306057 -4778.561381 5703.166541 -12298.040600 -6257.415269 -5130.590228 3485.172129 -8049.921770 636.643909 -8864.880378 -8739.088074 -6628.424628 -6592.820475 8007.592904 -670.854767 3049.067539 2631.990448 -14955.931712 3697.264763 -12205.510654 -3362.723377 -9834.464283 -11300.692976 -12736.976885 -9595.801419 -9344.480243 13514.481426 8149.323920 -8576.356867 -3608.390320 -610.799333 12030.903460 -10335.720050 -10597.630490 -10406.722487 -12439.460254 -10469.671918 -4825.131325 14342.221474 -12056.715606 -6117.611922 4195.038458 4977.959453 9813.462387 7590.440314 -12877.085287 3335.155058 5313.801971 -9184.628271 10280.058963
-15442.998491 -16298.238494 -9193.791751 -8647.248461 -7426.008566 6512.591095 19914.630308 -4587.064541 2622.548295 10697.726095 -3889.543800 -16647.531443 35101.367307 2311.691007 -8996.744353 -6071.199982 1313.033990 -19016.657847 -10666.650415 -15705.432962 -1129.961646 -604.612811 -16362.532437 -8640.083371 -2745.574246 17839.659500 -7052.600749 11760.266795 5691.873798 175479.704169 45231.343618 2821.068689 -15574.335748 -3119.662716 3214.737543 -3308.368078 10571.332149 -10521.746935 -15541.672641 12154.784040 -16857.168256 -19059.713781 -994.885416 -121.771855 -8530.190139 10309.944246 -9272.405905 -10577.814980 -5532.536851 -10223.448972 31036.126146 -7379.604467 1577.236476 14711.111107 -11300.902805 -8746.824727 -7838.361460 12556.424423 -14275.688816 -11345.636544 -15469.463147 -9071.277284 -3777.949543 32784.070118 33232.242126 -8495.093576 -4140.897218 3710.117190 -3806.854182 -9924.724782 -10100.786066 -13588.397620 -12131.732237 -9306.452863 -15766.697084 871.141063 -16839.594727 -18958.704220 -811.231644 265.730308 7482.000880 2512.689730 -11314.893996 681.830231 2326.379787 -12749.086027 28205.651445
-16697.180685 -17130.466907 -11963.534224 -12026.600161 -9219.358812 4786.029314 20130.392824 -3860.917522 5586.510152 10457.998910 -4438.812732 -17711.125477 38616.552596 175.784908 -7123.266304 -8834.505700 2602.343943 -22699.765564 -10059.590431 -15194.662271 -1632.144140 3044.378003 -18145.893696 -8783.511848 -5861.781166 23526.550931 -7855.855846 15484.198293 7073.119292 45231.343618 199377.392214 -1915.004479 -14022.660955 -3368.874544 4360.796079 -3352.065504 8315.521916 -11701.117143 -16197.966674 14463.442106 -18777.607643 -22668.278807 -3708.766868 -2359.455528 -8552.277559 12015.720572 -10864.324191 -10700.680226 -7742.584050 -9110.941753 35756.269023 -11227.275507 4890.923536 17824.525991 -7559.084995 -15037.084394 -7807.791670 11539.457138 -15507.305281 -13427.188913 -16817.204931 -10559.823952 -4359.157257 40195.215277 33383.429590 -7422.228967 -4769.426000 -917.514639 2741.252309 -9608.530301 -9716.068036 -13394.699118 -13775.277816 -7500.149467 -16109.861032 -625.529611 -18025.514763 -22868.163335 -3557.471079 953.444442 7091.522818 -1113.771481 -11796.695378 1208.547872 -1097.295474 -13335.410179 31384.439322
5231.189251 2096.312555 9676.833290 4653.947620 -2975.432902 -3063.514860 3591.402938 -6744.235798 8114.180721 -1123.735814 680.208180 -6520.103193 -1642.292905 -9818.925419 -14899.578072 -2674.193218 -1884.875318 -12340.105876 -7525.313740 5354.065203 -11716.444508 -3711.049398 3707.176575 -17923.452447 10098.607409 5758.938089 -9773.456809 -6507.976121 -4100.538360 2821.068689 -1915.004479 191006.030847 -10916.998666 11651.545819 -6649.121054 -6224.469422 -3481.982608 6042.020794 -13028.854075 -6160.095556 4759.926249 -12259.097646 3226.885125 -15063.383030 -18394.389673 1943.796046 10195.105802 8817.891460 8090.279714 2215.215512 -1370.369631 -2842.319913 -9723.515848 4439.300859 -18045.327195 4085.429762 -15501.831051 2764.804822 3720.193271 6467.846702 6018.919038 5859.499613 13204.423829 -2184.155971 -775.829310 10498.882131 -3016.343808 7804.088934 -2232.733796 -14525.653008 -14385.502157 5663.834414 -17712.939136 -17397.522273 -12984.595426 -647.509051 5365.991573 -12361.894748 -12962.589909 -10806.360557 2288.218068 2205.881454 3818.637647 -4497.755579 -3175.826325 2754.077851 -503.462197
3397.036281 -8126.390693 438.306029 -4988.103964 3477.054454 -4294.096336 -10698.012510 2055.743809 -8751.298539 -10909.472232 -5437.429868 -3988.283014 -14142.171518 -6860.594697 15391.046596 4119.546535 -2210.772359 -4019.720767 -8820.086875 4702.078950 -11229.334854 1757.183288 1302.452411 17516.561457 -2787.244431 -10227.874136 7224.976652 -10429.049388 -8911.543657 -15574.335748 -14022.660955 -10916.998666 223760.943453 -7536.649230 -10377.816539 10955.181155 -11926.415076 -1040.512026 20786.202341 -11230.637536 -77.264440 -4002.218646 -11205.373594 -12334.562103 17346.789680 -12740.038338 -5686.254644 -11590.588084 -3135.647990 -1400.761355 -14186.958875 -5050.632081 -7500.172309 -8795.439257 18882.592564 690.159948 9402.463620 -10493.618007 572.928038 -999.345380 -3290.896022 -8437.126121 -4827.376057 -13607.637699 -12353.316907 -5819.531735 10071.868299 -6409.479138 -7689.829088 15999.441213 16138.270672 -2640.057794 18552.513324 12989.233484 20804.261923 -8235.843693 -1803.975847 -4157.083004 -10635.036674 -6840.917531 -11880.482090 -10979.254194 -2262.672490 -90.237399 -1042.730392 4841.289903 -11516.261483
265.503741 -328.546143 10270.741368 -2478.732704 -2465.084218 -5100.413778 4507.306931 -7634.350502 5455.630242 -4473.254987 -295.784553 -7879.589792 -797.784915 -6654.632487 -11154.280460 -859.901616 -2657.206608 -10889.774510 -4464.178812 1930.068331 -7408.245094 -1084.978715 -875.498529 -13464.974499 8633.889009 -263.275904 -7267.320628 -6616.028994 -5459.458319 -3119.662716 -3368.874544 11651.545819 -7536.649230 200306.688437 -8326.749836 7601.066052 -5218.823476 2231.040087 -8872.032052 -5907.201230 -2815.894765 -10822.240535 -518.737014 -9454.699232 -13900.843067 1336.644243 9384.965273 8332.479863 9543.346474 -59.486413 206.729745 -626.465626 -5285.751383 -1678.722009 -14783.993741 -596.243476 -10631.330907 2961.747124 -3193.003931 1410.158722 -1429.891346 4704.305128 13128.534173 -4128.007335 -3130.584771 9195.065400 18255.067085 4497.126624 -2347.881813 -12970.700059 -13217.832853 2627.367333 -13661.631960 -11851.095729 -8880.398692 -2687.747074 -2258.745288 -10816.811145 -8835.836757 -6902.740897 -130.855519 842.236401 939.823145 -4383.226877 -3890.576263 1276.030216 -2679.840641
-8001.900504 -10996.547213 -12621.552426 -278.586390 738.024205 1248.637242 -6318.489423 -7167.980821 375.500769 -5720.242812 14199.952071 3784.363946 -2182.152847 -13952.640417 -18133.714560 -4244.836201 -4432.086659 308.666588 17557.281277 -9972.904278 -14330.548868 -2690.382235 -14665.406677 -17331.752570 -6535.367228 -1907.889321 -8040.911690 -5847.727748 17309.982397 3214.737543 4360.796079 -6649.121054 -10377.816539 -8326.749836 277678.455360 -12982.960194 29644.891282 -8019.001573 2061.439690 -9439.921025 -13575.443572 1002.368551 2867.743084 -16756.172255 -17606.717914 10511.142885 -10410.452896 -4582.057392 -5286.935254 6762.472386 -688.755127 -5681.038743 -10248.845996 -4113.494964 -17255.411960 5306.364752 -18138.943651 -5119.802593 -7213.047816 -9163.905654 -4674.690569 -5603.447581 -2885.662432 4657.758615 2397.115078 131.947439 -11658.932929 -2677.468859 33945.427438 -20135.116084 -20767.455318 -8457.844614 -14394.869986 -13336.506310 1099.086259 38295.768986 -12278.898282 188.691210 -15075.719617 -15620.250234 37546.118016 29152.794049 -7258.845902 -4886.666641 3245.073606 -5378.803673 -7491.204877
