187385.106148 2242.847050 3731.648793 -3654.862606 4386.710126 -694.731845 1014.247401 -2790.372740 -538.960144 -4659.879694 -2091.691278 -5130.141671 -1052.529327 -4737.799034 -5669.645077 2958.695828 -76.052055 -934.256859 -3949.843725 -3512.580676 -2448.369819 -5602.174686 3121.622642 -5830.510085 8.692143 -774.490859 -219.897523 1101.726533 635.291097 4472.568110 -3360.129113 -750.747994 -5500.182083 -7615.696749 -4383.593654 -2057.766289 -9917.509072 -1862.158031 6769.995354 6902.210992 -9334.324547 46430.206948 -6928.136089 -1741.689246 1498.471244 -5253.850155 -434.841489 -4388.839937 -3738.494033 718.821806 612.423746 495.370230 -4989.288466 4034.964547 3700.427102 4692.345771 -1625.056138 -1733.697970 -4890.429856 2678.770323 -2577.680246 -1471.178796 -3384.422451 -6790.094473 1450.710611 -6134.531848 -3682.059178 1508.038719 2092.816574 -5544.387751 -3927.523773 -390.417218 -4449.132424 1505.899656 194.709107 -436.516123 1773.968400 -5254.074289 12504.059408 -3327.363841 3615.921389 -1984.315149 -16.231512 -2557.972712 -65.704819 -310.119463 -1921.460227 -6827.042603 -7923.686090 -3964.714285 -1372.194653 -942.433365 -6368.397337 -7333.152545 -2020.527176 -1265.233293 -4743.536252 -2909.672956 647.866717 1865.746801 -2357.909960 -5801.555936 -2188.774454 -3632.651402 -5291.561015 844.198776 -5675.344345 1557.989909 -1692.394984 -1398.832293 -101.873832 5930.179210 -925.457222 -6066.311991 -4811.252747 -1183.576136 -637.939559 -5876.491644 -4389.031853 -2975.099026 -6114.015081 -3961.803981 -5492.101797 -6689.141130 -3818.294268 -485.277749 4772.771646 -3406.409027 -4631.484335 16202.687057 141.482897 -2140.004439 -3473.969303 -3100.123918 -4424.606206 1166.030222 864.458272 -5737.691318 2239.924866 1924.221510 -5063.245545 1727.278501 800.009009 1816.189509 -1971.337157 1823.203260 785.268453 5453.068256 -2719.608438 1097.796153 3283.961572 -6837.387328 -7738.719405 4167.780450 20694.201507 1323.703355 -5816.704071 -1107.007454 -1129.990345 2099.005214 1622.462025 -3489.348760 974.686162 1612.605849 -6336.209715 -2410.656356 -3243.133955 -588.533883 1244.222995 -6064.183513 -275.723426 -770.092084 -1783.299711 -2022.742027 6946.939724 -4816.357093 -2432.968996
2242.847050 176812.365071 -1899.212421 -8472.954201 -3771.306614 -3868.665393 1053.812044 10894.972207 -2289.743791 -889.412821 -4938.151355 -842.152190 2644.759820 -8659.787893 -1957.849384 4515.965040 4621.011007 2909.001931 3557.737151 -12120.370942 -7349.466535 -449.722077 -6090.993689 -10727.086350 -77.751246 4797.296385 9899.021606 -3312.305193 8435.383918 -2213.638543 -2582.569874 1712.188185 2997.220898 -115.450686 -3662.520207 -1181.854480 -3416.593118 -3332.832563 7327.599653 -2528.448115 -8746.367092 3604.973406 -5198.032145 -5096.246461 1554.861126 5824.843522 4643.663472 -7590.611168 -12303.151185 -2827.276711 2813.536812 8710.161979 -7334.605010 -2250.799394 -3309.238748 816.191838 2380.014061 2319.375782 751.981078 4860.671252 -5218.966836 -5180.250210 -12005.480501 -3715.729447 4082.065488 -3199.144441 1639.978164 2801.792442 7020.504078 723.243674 3671.790087 1423.674745 -252.930128 4817.914640 4141.798369 -2892.646247 -4574.017316 5061.384610 240.727557 -1710.223363 -4700.341536 -2397.237166 6880.494896 -1663.868712 -5648.163778 -3754.342065 3762.696350 -559.503438 -1993.349730 3178.467503 -7029.151173 -5096.110991 -1917.913077 -1991.508423 3721.062264 475.593773 -2937.534746 -3260.306579 2920.226543 -5476.984225 561.022859 -7724.452415 4075.646768 -322.406576 -1271.099601 3789.230650 -969.642943 3451.512191 -4354.180861 9252.546286 7998.056785 -3561.695381 3373.227405 -3641.648590 -2916.647623 -1118.433763 4413.853158 -4400.295396 -2825.526364 -2277.360992 -6006.495067 -5192.397751 -5429.188592 -2736.783172 -2565.792150 -5593.182155 867.158487 2606.798924 -7412.294788 -1891.744350 -3854.073971 -5829.792382 -11998.837977 5909.462082 3123.172129 -2697.729164 -6516.418845 -2640.121171 -1769.099209 2705.340128 661.625512 7579.687919 -1497.455360 1914.879972 1189.276431 -1904.498957 -6959.508619 2756.848533 -6063.160096 -5875.651185 -4812.283728 -248.367949 -2172.005969 -6442.143913 2348.249837 -5944.066592 -4389.267667 6413.827745 6091.910705 -4562.760203 7581.870669 -2210.589927 5017.205798 1743.876610 -4252.464447 -4925.908685 -12060.539091 1943.124957 3744.403192 -7350.070569 -6013.427417 -1460.575267 3295.431605 -1202.604197 -365.635340 1394.231449 -8255.152117
3731.648793 -1899.212421 179927.054521 11736.721443 4499.317875 7447.754906 1028.842291 -4721.788559 -6898.985777 1203.049780 1070.454791 -6342.611043 -2020.581393 7254.540511 -9101.085057 -10478.508169 -10137.867421 5211.712298 -1689.498814 8600.218359 1786.146887 -10997.336244 59758.500369 4085.087715 -12580.259524 -4313.306495 -4959.907489 15539.360906 -7893.175867 1536.403834 -8671.315084 -2028.401893 -12824.478705 -9914.710792 -15818.047043 -6076.006364 -17177.124096 6954.498830 6453.619511 2373.179965 -5394.340893 -6009.116111 -7504.462242 20153.243956 3554.641836 -12765.822190 -9954.117446 18766.854434 8621.232473 9952.019466 -15341.008636 -8060.246564 -2611.435560 4093.677725 8507.513210 18414.022837 -2697.205653 -2769.508990 -9942.977437 -11275.115280 15827.848210 2720.756079 8605.285447 -10539.034981 -5499.772212 -7346.893931 -3021.237509 -1455.414239 -8574.659009 -11008.561072 -1120.655863 -432.293052 -5204.627415 -3622.338549 -7201.070100 -3692.740560 15569.021634 -9312.663695 4365.753540 1443.141603 3946.302124 470.497492 -4738.912748 -3901.255763 9677.608527 -1965.040556 -1112.486459 -11623.018415 -12413.983094 -5222.145887 -2385.119647 9439.006924 -12936.509981 -9707.995114 -7073.812636 2905.564099 -11518.739173 -1556.046816 -6284.885583 6934.213723 -463.210861 2790.451844 295.043783 -11881.468842 43.643476 -4748.666100 -7161.020776 1206.836014 2887.246766 -1718.685917 -2657.339985 3124.757012 -13561.949375 -8837.384370 -8792.764430 -3322.228263 -4999.543111 -10831.146359 -8394.758830 -1800.558267 -14063.143766 -8872.694106 2411.898110 -7615.361761 -7567.007823 11884.822252 7434.587625 -11720.138488 -2410.293885 6645.466454 10700.098757 21880.576910 8714.516790 -11860.530371 -4990.070994 8901.393389 7840.051820 -10665.875792 3792.256404 -10270.338215 -9674.838233 -9166.952159 6683.553959 -10221.150997 -5586.455684 17245.012686 17778.511895 -11652.221903 21840.467968 8001.109996 2610.018509 -12049.969800 -13634.453141 6156.781717 646.800351 2148.255175 -1052.760956 -7817.522524 -7511.302914 16244.908062 -7309.355604 1075.491366 -10072.193446 3835.028051 -6186.831500 17337.366565 8725.342680 -13179.171168 -10337.774223 -2102.087436 -1977.298340 9703.137112 -4098.515345 -770.789454 16836.630350 -11918.735758 5279.657808
-3654.862606 -8472.954201 11736.721443 182908.743648 2611.636048 9343.394610 3154.551696 -5312.365429 -7668.754715 2367.660453 -1542.594320 -12959.670471 -195.104584 41249.136181 -13107.193777 -18371.670891 -15492.314690 8706.778218 -4579.913343 61611.498509 17240.810498 -15287.303133 16703.265435 92134.040648 -15142.804665 -8530.399279 -8416.863190 10336.329093 -18365.550652 -310.584606 -11323.046013 -749.326535 -13363.819949 -9838.867785 -16190.854194 -5519.365832 -17164.345713 4203.966639 -4800.846850 2116.165639 -7869.410771 -10555.617308 -10297.662993 19702.374883 -2453.533647 -7336.527336 -15255.367660 26252.539289 61720.201184 957.653480 -17690.308565 -19063.722971 -7465.730900 -501.015599 13200.930291 12009.253656 -5220.404317 -5236.107786 -11724.341253 -18139.119249 22572.635540 53.212114 61291.977336 -14987.730567 -15239.427989 -10130.303794 -3810.521733 -5053.225366 -14994.022746 -15832.464997 -6811.271170 74.796169 -8616.989318 -5900.157689 -10717.921540 -4552.060259 17101.289687 -11461.861980 -908.753284 -7212.079362 3741.703471 -1429.010456 -7872.570394 -4863.839105 14116.920641 -3224.742353 -7383.549702 -14222.117495 -16771.521908 -4343.337524 -2609.529397 30144.708202 -14452.383615 -15375.721101 -5397.757551 -5848.926877 -12128.815188 -5136.679937 -7598.837494 341.032680 -5782.986789 5683.290674 -8103.856824 -16159.518112 -9619.829618 -8964.677842 -4514.011287 -6451.114494 126.362245 -5190.296618 -9985.237705 2451.160511 -16397.421650 -10249.272779 -13471.891314 -5379.929494 -8482.285916 -10658.717695 -13817.915088 -4537.775982 -15568.213792 -9884.681790 -1336.543988 -10970.955414 -7424.639298 7793.910733 4910.434170 -16581.503228 -7364.199659 -1063.048585 9921.281818 25286.373768 61280.243633 -13483.780691 -4446.275522 2516.346719 14317.096432 -11776.565550 10967.562964 -15981.246990 -11680.614449 -15158.560234 3634.458215 -12460.650893 -7190.144607 20290.071880 18731.637071 -14556.149928 25632.382247 23298.059327 -2090.452407 -15394.894145 -16175.217393 12551.980331 -4815.973220 1361.816731 -764.343539 -11648.447986 -11583.224087 18073.655494 -14396.802709 -2501.444301 -12591.517714 -2248.058749 -483.729000 19986.318500 61490.193649 -15838.954930 -15254.217830 -7601.770789 -4900.118031 15615.579751 -5022.153904 -6485.010279 11327.527737 -13520.389691 11115.942216
4386.710126 -3771.306614 4499.317875 2611.636048 181196.463315 -426.227523 206.416735 -4727.284518 -2115.676470 -3232.764403 5417.928845 -5307.385015 -1544.695867 -5551.745437 -7009.549583 -7130.880165 -6844.558697 2249.336461 -2170.054320 -6137.405679 -3561.300071 -8600.976073 4291.049209 -6861.843629 -6907.922608 -4575.442463 -1679.269056 3518.204970 -9081.129838 46879.763698 -4422.147904 -3585.270381 -9332.869066 -6923.087028 -9938.112549 -4507.522888 -12900.038573 10786.866616 2756.073133 11883.682095 -10765.187635 5506.953180 -8860.861057 488.699773 -848.763171 -9792.605568 -6909.083592 2206.719196 -6070.227048 812.064558 -9913.301797 -9159.156890 -2573.223347 64579.804623 8900.643687 4784.234542 -6639.197071 -6696.613328 -4538.933529 -6985.536975 3923.393099 3239.821369 -6243.087751 -8007.460062 -7302.189927 -3940.392902 -4755.025010 -4044.395388 -7090.305604 -8053.928024 -4968.553007 -1179.662067 -4879.922176 -108.635359 -4562.327369 -3460.029418 465.702529 -7577.129405 17753.331046 -3125.417671 37306.305915 1017.371123 -2512.801959 -4461.467288 3451.388035 -3042.156861 -1038.152124 -7059.502702 -9143.882546 -5212.078936 -3334.170409 7800.134417 -10356.394073 -9857.213223 -3891.499251 -3218.689822 -7521.656647 -2187.920666 -3454.355465 -1118.533885 -3249.800677 -3246.429528 -1389.392654 -10549.992349 -3073.547400 -4629.641188 -4048.642928 -4072.850220 -1521.775382 -5097.037445 -3750.672173 11123.276249 -8040.805030 -8536.939938 -8164.885135 -1045.553664 -7197.226550 -6529.330366 -8057.705108 -2306.641359 -10090.616296 -4605.655080 -2647.030324 -2983.151761 -6072.513172 11513.290377 61980.493406 -10404.764372 -2301.148384 17539.009496 15041.239397 4146.768915 -6090.128987 -7414.039953 -5301.562368 8788.762551 79.097055 -8376.238090 -1571.246518 -7276.751325 -4525.389994 -7194.567018 2034.359161 -4968.712075 -3761.605793 3447.898974 4485.201961 -4958.255918 4013.330713 5121.503751 52778.277770 -9353.051634 -6380.326798 9336.342563 7710.460736 5336.054747 -2866.735261 -4704.275795 -4644.039596 1291.127586 -7206.644866 280.872148 -5801.780533 -690.084114 -6909.797395 1193.652108 -6020.744077 -8134.272878 -8486.457725 -6670.481771 -3064.447547 -565.092649 -4775.389797 261.326998 5052.330881 -7121.282517 8280.552137
-694.731845 -3868.665393 7447.754906 9343.394610 -426.227523 179138.196134 10744.118888 -1845.074235 -9418.062045 -5477.340929 -3054.638072 -1828.845742 3026.132016 9970.925664 -12084.490903 -7553.253712 -7108.025563 4687.978702 -2872.615903 580.047915 2018.057568 -9093.386830 5692.043394 4125.533406 -8151.052279 -5693.631312 -4020.230420 2114.845461 -9784.893745 -316.297041 -4284.965748 -5057.200108 -4935.584435 -38.823831 -9251.207554 -1172.677328 -12793.750371 6172.069761 -2331.286454 -692.070782 1930.137757 -3656.858792 1761.322432 13166.996873 2264.298525 -5572.242320 -7097.392278 10130.631511 587.907256 12337.525587 -9686.203696 -9786.418073 -4617.979292 -356.182026 6225.921195 11628.726364 2265.094589 2155.629944 -4440.834351 -7637.871406 5364.848247 -1098.600005 436.861256 -11986.423308 -2663.278476 -5528.088519 -3643.452068 5934.193681 -7370.546819 -9788.528472 109.288574 3163.006165 622.333307 -6980.341271 -2663.085027 -3018.159430 7406.825798 -2319.700766 2300.638780 1093.848004 -1112.529121 8374.681609 -4902.501075 1198.544103 7885.667836 -566.032509 -4479.640441 -7661.708418 -9256.308281 -3746.165463 -1544.877670 8221.381014 -9648.305532 -9237.505396 -3282.278495 8151.197618 -8502.093279 -1731.121892 -4200.593061 2383.835841 -3883.871924 1208.736005 -1683.443463 -6032.435994 -6574.351806 -6748.793035 -5158.961124 7524.779146 2666.849490 -445.698939 -8837.968624 2585.204272 -9655.914993 -6423.122838 -4186.531838 -1674.635720 -9117.664350 -7165.490813 -5613.851023 2522.674862 -10264.481870 -5173.360713 2617.858984 -6865.708979 -289.382559 2436.958001 889.347920 -7382.383876 -4534.063071 59.521319 -718.912267 7728.752855 344.344777 -8067.464898 -3506.518292 4230.041554 4651.805037 -9103.289369 32879.370178 -5943.757629 -4584.214370 -5798.541639 23176.629206 -5024.244411 -955.826625 13418.139210 9976.618686 -7894.290571 8131.404111 7211.092112 1666.239660 -10827.379962 -10153.504745 4493.176758 -2139.594016 -157.030216 -2326.060698 -5599.434085 -5276.476367 8315.557550 -5671.301088 -561.889087 -5364.585990 2240.876429 -1669.687939 6154.946759 586.289480 -9107.874853 -6063.877412 1751.880998 6110.347153 6800.114255 -5510.827112 5020.237031 6572.248007 -8207.854648 5444.948874
1014.247401 1053.812044 1028.842291 3154.551696 206.416735 10744.118888 178672.086281 -750.738410 -4488.804897 1123.429272 362.414298 -6524.354419 6759.402226 6329.886326 -6062.418252 598.739531 -10257.235209 8980.503644 3377.421512 1240.380180 935.696376 -5774.677350 2745.417714 -199.991830 -842.865073 3400.271795 -1722.633374 -3898.898962 -6141.639860 -1801.929149 -5624.400590 -160.230704 240.201004 2461.143170 -8956.016035 -4527.516527 -10995.646837 -2342.014758 5261.977652 -1523.501693 1945.817302 319.437011 4573.486483 -5171.441159 5911.349724 534.932893 -10241.268640 -5235.944377 1420.833444 -597.521143 -449.797154 -5895.630547 -6614.728827 -2565.575341 -2967.872493 -3971.985325 412.309252 278.182722 -5535.840628 -1634.808410 -4459.802948 -4435.366130 1274.927088 -9310.449481 -3293.614453 -2089.266852 -357.163055 2250.902497 -7760.138588 -4447.598495 1169.333762 59365.457918 3906.146508 2287.142475 -4649.732348 1506.249968 -6737.031448 -4417.374067 -1349.088620 2060.019533 -2756.276365 22842.184656 -2158.101146 3614.770730 -2346.371046 -2330.194702 125.312286 -9032.327211 -7427.965278 563.410366 1412.213330 -950.075463 -7036.074287 -7476.946461 867.751380 23055.172642 -5799.903745 -961.147457 -6314.296677 9882.446847 -202.334213 -167.680387 7169.891568 -7126.572706 977.431670 -2682.928090 -6935.131216 2915.916758 2614.054005 -2.531031 -3285.035411 -5016.395056 -6054.119155 -7454.521996 -8434.041492 2866.512332 -5371.811960 -7253.099619 -7861.655202 -3472.380280 -11450.351979 -5050.738185 8384.932708 -7890.585671 -1909.079822 3809.586457 2519.406588 -5167.525720 -6508.991472 -1072.378880 -2061.245661 -3710.441566 1298.705357 -5632.345173 336.336839 -3131.472807 50.683316 -9466.547647 3375.652981 -3670.306578 -5609.739665 -2280.777849 4582.737527 -4237.756109 -1059.882962 -4875.992516 -2333.194187 751.100765 -3715.706233 747.602797 -3498.406934 -5367.159874 -6379.155292 561.361193 -3286.067439 985.834260 5781.831966 -3833.957347 -3693.323207 -6674.299236 -4963.237274 -4456.768092 -4617.545111 6059.276434 8441.932714 -7161.959174 1224.916926 -1253.508858 606.585921 6282.064658 4353.513468 -5119.044642 -25.110826 6006.240686 767.829972 -6050.394874 -4833.219748
-2790.372740 10894.972207 -4721.788559 -5312.365429 -4727.284518 -1845.074235 -750.738410 168942.976839 684.848763 9479.007547 -2551.423455 2544.503698 -1680.949328 -5685.351079 2698.034489 1557.615829 -2556.174630 -4774.503934 5511.143897 -8350.688663 -6141.362091 7459.309434 -5460.974375 -9926.908442 325.826532 -710.479925 10312.027887 -7646.702363 4566.510890 -7017.502002 450.440777 4171.100424 1977.860544 3990.909318 3154.789043 -6345.670238 1203.496673 -3979.669745 -4150.218591 -5760.229754 588.220619 -1891.812902 -2592.807793 -12199.359534 -951.466272 7664.287270 -2555.426597 -10383.846686 -8436.636966 -3203.539209 1797.592897 4805.215849 -6719.658779 -9886.751663 -5810.015012 -6446.590883 5467.332027 4925.363592 -6067.631972 1075.627864 -9728.944478 -3607.307189 -8702.618992 -887.996509 -1278.276831 4174.632499 12054.013209 7170.543053 -1056.146454 7447.560248 12423.894474 3476.365961 183.740556 8243.747345 13111.273967 4907.532287 -8169.425633 19171.423759 -5980.512185 -265.783468 -6554.759326 -419.335113 2728.789447 -4407.139125 -5335.860321 -4762.900032 6047.892121 3272.557669 73.193112 12387.316113 -3477.453744 -6326.189187 -1753.596934 5671.394143 10157.240389 -3074.171209 233.106961 -1903.603679 -3120.019340 -5785.657535 8608.035196 -7425.304144 4053.305575 2572.967417 13578.538365 10987.774215 8359.535265 2902.963286 -5287.776093 6804.600167 -1248.775324 -6624.754180 3359.885853 -2579.403301 2400.049338 -3141.351719 1194.413308 2503.564962 -2631.900741 -3955.687254 1399.254117 337.289699 -2544.045822 199.330584 -2402.091993 -9107.871817 -3199.622424 3866.017516 -6682.034634 -4438.689170 -5206.256782 -10688.090741 -8301.414961 2611.143529 11343.661730 -2749.608611 -3184.607140 463.143203 -294.511314 424.994913 -6044.462913 2756.204553 -1785.340101 -735.730079 -3107.182679 -7569.867905 -11222.068573 1779.203807 -10506.037536 -7982.967073 -8034.943351 2142.357922 2418.501567 -7698.662451 -3294.706896 -2995.612850 -4521.109640 -5107.132267 -5159.113131 -7579.369519 -766.204140 -4837.513010 -947.407213 -1050.131050 -4039.988146 -12776.785120 -8361.493468 -1890.228447 -351.885942 -4321.981232 -3822.699238 -8253.086784 7400.662426 7051.388068 -5450.868653 5558.128160 -7724.095326
-538.960144 -2289.743791 -6898.985777 -7668.754715 -2115.676470 -9418.062045 -4488.804897 684.848763 164053.197570 -2265.935810 6643.868836 12299.136250 -5271.861127 -10143.817387 17588.998816 602.061070 -11786.523355 -5296.570711 651.568632 -14062.480938 -7107.574414 7288.761528 -7659.885113 -12876.377976 679.401856 -3031.717732 -1831.825314 -7865.756890 -7224.068783 -2553.431137 39953.291580 -4501.097182 6512.597816 -991.318890 16556.586549 4150.466917 16550.114695 2686.879183 -10268.457608 4065.074661 -6809.237840 -2073.812949 -1583.690150 -10039.791005 -12795.720063 2441.963382 -11775.472302 -10997.529193 -14107.466970 -1712.767696 593.481701 -6842.673044 -204.916198 -2027.492509 -7252.250543 -7999.222596 -5007.499639 -5209.178752 14699.792696 1900.635691 -9911.863680 2465.375407 -14142.743585 17785.320311 -11938.728309 4686.018223 -930.301461 -11331.402111 -12609.142881 9870.279913 -8485.504150 -6551.555290 -3403.590854 -3911.210089 -1239.011876 543.874801 -8466.425165 2931.226933 -7479.160977 -5441.001992 -5972.927198 -3244.844391 -4610.295499 -2642.562766 -4835.547349 -1338.423677 -768.533271 16800.056413 15452.521489 1595.243428 -1719.262143 -4870.452801 15465.725385 10231.759923 4246.683139 -6469.106118 20070.695473 10824.536440 9075.939715 -5573.109174 -340.554423 -3004.471111 -3999.715302 9049.685865 2608.856805 2515.790113 3011.992659 -12073.785322 -2242.084275 -6542.927752 -9446.818893 2993.603709 4147.329707 11072.624422 15563.824467 250.180560 -8366.769498 19748.641072 16170.316234 -6029.500756 20258.593922 11835.747362 -4348.182942 10428.272306 6417.829703 420.271995 -4306.762564 5235.621561 149.414655 -4226.912928 2931.946569 -9166.726334 -14068.630914 7243.651566 1059.078462 -2680.613069 -3275.650729 18569.946749 -9588.037461 2922.697579 15096.326927 -9931.416071 -9065.254068 -7477.302745 7527.440993 -8947.250836 -9462.139692 -1152.746646 -9155.563615 -6464.486464 -1262.857409 9616.326216 10327.467364 -4332.831862 -4525.710003 4403.558632 -521.382209 -8807.135896 -8997.483531 -8367.446800 -10950.631882 -5948.234701 -8612.267217 -12990.811904 -2059.909146 -9545.304238 -14100.580830 506.262088 1306.271274 -1185.187593 -4058.645809 -9050.458358 999.863493 -322.425783 -9152.183573 12342.882348 -6741.392949
-4659.879694 -889.412821 1203.049780 2367.660453 -3232.764403 -5477.340929 1123.429272 9479.007547 -2265.935810 174529.930146 -2002.058317 -3936.536895 -993.093272 4285.149851 -5815.594651 -3087.697937 6382.027415 2166.950895 7533.262432 -3999.685879 -1518.414447 -3675.529858 -1559.060872 -1819.328405 -3221.801850 -2083.223159 -1331.866704 -5111.515984 9522.229826 -4648.101833 -4891.149616 106422.255461 -3355.044880 -6168.543097 -5634.313981 -12986.761792 -5229.676896 -5653.802508 4308.623733 -6238.336494 -5538.696001 1048.107742 -9537.631320 -5296.035243 10131.741660 -2947.909956 6546.570380 -4726.602232 -3909.379054 -4066.214995 -4129.284392 9828.356979 -7851.156434 -6427.302760 -4332.615676 -4027.743321 5066.658426 4547.926853 -7711.682797 -2203.895547 -4612.316569 -10340.739351 -4150.470849 -5052.643342 4543.892389 -1152.949767 3422.826728 7753.082285 5752.263355 -2389.591887 5160.891937 5212.924108 -391.190739 17762.760917 -1588.754179 5428.886303 -7525.237163 1152.280655 -547.601380 -2695.657180 -1643.718798 1639.078238 -2756.866204 -3608.231941 -3041.457514 -6101.808148 5653.746470 -5394.594134 -6974.387610 8108.486998 -1719.758223 -3065.802936 -8401.744323 -3751.459495 1922.011088 -1675.081097 -4937.054162 -3428.725105 -4984.503188 -4794.227269 6199.439233 -3233.133280 -4669.553174 -9931.200548 8274.824680 151.774274 707.347021 5488.699218 -4531.247597 14329.373120 8354.845637 -5562.573052 -5263.618337 -5548.232930 -5657.989384 -5841.529884 9874.379965 -7636.602110 -6829.439485 -4546.530500 -5982.734110 -6678.598694 -3397.142153 -4633.830946 -4385.390210 -7775.456469 -3413.191460 -4927.201689 -7717.955666 -4252.448866 -4680.947769 526.472910 -3823.398982 -4775.969278 7649.711303 -3446.574704 916.696810 -4480.097120 -7888.434811 -4451.997146 -7675.405050 3960.884603 -2866.131960 4181.759392 -4554.135263 -5895.266540 -6581.899522 -3136.220582 900.181223 -6485.580647 -5806.430080 -3575.588634 -3799.666179 -3981.762207 -3591.768496 -4820.315182 3152.797715 9586.133065 9620.656905 -7421.339172 3742.496642 -3399.521743 4010.892742 10224.525362 -4.451312 -4816.293214 -3943.483850 -3970.261878 -3209.111943 -5564.732959 -3666.739219 -7349.253637 9082.259861 2229.675911 -4938.001021 -3114.589782 -2121.732227
-2091.691278 -4938.151355 1070.454791 -1542.594320 5417.928845 -3054.638072 362.414298 -2551.423455 6643.868836 -2002.058317 171581.224204 4130.069723 -1545.810124 -1962.210631 783.803821 -5902.949866 -14602.025441 -1055.051971 -1410.454482 -5150.893314 -2422.500136 -2568.570234 937.273458 -4007.838684 -8564.377949 -1569.424411 -5287.682537 1154.178148 -10212.844125 585.342345 5445.468287 -4140.234819 -3044.854072 -3560.556677 315.144747 2892.491844 2882.120536 8162.098378 -7707.261380 5809.603761 756.167715 -6137.041152 -2672.062482 1755.696047 -8367.552196 -2460.617021 -14602.038898 -1335.361934 -5129.229409 5504.441820 -8876.679741 -10209.082997 502.810047 3092.880625 4061.467168 858.950509 -7884.065309 -7966.085863 9854.971093 -6321.297044 1370.470989 19191.256344 -5081.970547 645.081001 -13756.382475 -2607.975883 -3263.084688 -9243.323174 -13237.431958 -721.384010 -7265.751411 -4359.369729 -1363.394889 -2578.797871 -4423.125062 637.768619 961.651891 -585.380991 -3278.229880 -4133.430077 4128.132687 4781.122586 -3339.218847 3164.274754 6885.101860 1035.625405 -4515.263878 340.513981 2784.416135 -210.596397 -121.963511 9905.879317 766.809400 -650.778321 -544.047335 -1622.011938 3703.257964 6265.850056 1286.806458 430.398119 -1568.807208 -255.460419 -2807.933183 -253.914061 -41.395329 -3804.445556 2461.369548 -9813.261855 3687.143323 -4832.448209 -7066.046196 3981.198274 -5999.844996 3388.911663 4248.469678 3261.743204 -11268.449817 6776.013405 4939.694531 1444.346835 1398.625244 6140.696545 4500.951734 8127.993140 -2156.240130 11359.637738 3110.477838 -2373.925079 483.691578 635.112781 8633.642968 3423.770351 -4862.459109 -4333.290913 -1025.193648 3819.469441 -862.035826 3020.978180 -210.791497 -6353.232526 9926.787337 -13579.958833 -3270.474908 -12218.553384 9876.450216 -670.284402 -2270.780135 -7153.429687 3371.266647 6903.011350 2797.237249 -2191.586932 -37.008906 3522.331544 -3473.895505 21615.991815 1297.553191 -12603.117512 -12517.066240 1138.587187 -13772.936286 299.798974 -11548.418710 -8264.156946 -1104.444196 -567.955739 -4937.139635 -9675.800507 -7092.402821 -91.622458 645.389318 -721.071744 -3226.639568 2286.476597 -40.979184 753.955201 4554.961128
-5130.141671 -842.152190 -6342.611043 -12959.670471 -5307.385015 -1828.845742 -6524.354419 2544.503698 12299.136250 -3936.536895 4130.069723 168569.859819 -4417.852734 -11890.660539 12462.941615 14306.361599 -7014.490629 -5259.638079 -1722.306406 -18151.805275 -10309.582222 11209.980958 -8220.448220 -15817.865487 11878.104110 -342.132417 144.339904 -10089.969147 -6146.113809 -5903.595824 15115.028838 -5663.809334 13917.354936 8234.055907 7355.476636 7664.154524 6883.608245 -1935.962082 -10623.299320 -4859.602466 -6373.226596 -435.562490 -423.327272 -12240.499263 -9329.376142 6950.346614 -6861.966108 -12218.479018 -18261.230619 -1589.935555 12014.850157 -6153.972098 -137.092682 -4594.295020 -8577.221033 -9088.055706 -4698.728383 -4747.699530 15742.870205 12975.614806 -10469.317596 827.821295 -18098.691315 9838.674666 -5650.831658 1565.509084 4996.363720 -6247.407760 -6857.609386 12331.090193 -4748.380094 -3767.999867 -1990.704262 -5753.378414 4344.377208 -587.086739 -7857.982667 4504.374013 -6616.206307 -1879.551613 -4367.414950 -7847.983780 -727.675617 753.223754 -7657.260795 -1748.571877 -1203.836086 12885.356680 12117.156793 2829.701282 -3160.381246 -8213.246928 10233.992581 11396.237471 -2130.812946 -7288.445381 14770.295354 4961.982197 5744.371408 -7578.709603 -2270.994907 -5586.561615 -1154.209136 13334.860165 3242.520018 2644.233849 10437.503465 -4988.224457 -3158.156730 -2596.459719 -5375.709945 -2886.108567 16920.164496 10182.084828 18737.214098 -687.590820 -9178.233561 11991.773439 13101.243279 -5683.710497 11115.630497 6621.517564 -2737.974911 9617.177008 -786.458939 -5177.130231 -5883.685577 18615.357232 140.414563 -7151.509353 -8294.051385 -8849.471619 -18150.915790 8498.409985 2341.545747 -8313.145806 -5079.401898 8636.728000 -7604.937896 13251.560156 15702.602097 -5322.672761 -6070.277295 -4221.446516 11665.260352 -12150.800341 -12958.385531 9134.130075 -9008.761594 -6762.414197 -5293.796739 8913.967121 6264.007934 -8396.066189 -2097.698386 1147.316867 -582.552062 -7979.866698 -7890.422704 -7576.935531 -7280.255360 -6407.873060 -6134.720849 -9373.913544 -6859.602517 -11769.655946 -18085.414206 9676.152644 9634.495746 -1800.134885 -1748.060719 -9205.855314 563.542901 392.622759 -8311.098391 12528.798810 -9247.711411
-1052.529327 2644.759820 -2020.581393 -195.104584 -1544.695867 3026.132016 6759.402226 -1680.949328 -5271.861127 -993.093272 -1545.810124 -4417.852734 180462.492741 -2051.921953 -3478.675866 -5181.311796 -10022.984479 9612.756140 -867.620961 -5866.777613 2480.825424 -6350.186221 1210.300833 -3602.956633 -6490.967107 2637.761976 -3797.225198 -25.783126 -9985.442556 1014.727493 -4138.172072 -1673.362170 -4945.997566 964.402970 -5473.810252 -2277.139123 -6294.682594 1274.312687 -3734.891460 661.001704 15203.951313 -2761.483667 8724.812509 2764.244118 1937.193544 -3608.976979 -9870.068065 -3768.456766 -5783.879652 6069.431501 -8501.106836 -10132.581377 2900.013274 -54.742757 8201.550499 6161.307235 4082.035965 3691.144305 -6004.056691 -4366.334160 -2616.286930 5595.763752 -5856.534823 -2880.710786 -9071.708127 -3653.471612 27.739712 -3817.678937 -10747.683482 -7141.680344 -4081.576855 -1348.886234 2669.943387 -5289.368221 -5248.011920 -2426.094978 796.619873 -2415.189636 -1102.851675 -355.814237 1950.212849 9544.308798 -7060.418351 4852.363713 3316.614738 7156.579435 -4102.776440 -3384.533295 -3743.796611 -7106.272321 7957.366511 5323.379331 -5603.223667 -5355.514254 -675.104819 9890.782200 -5503.748329 -2576.049929 -3839.450829 10770.293951 -3413.058896 8048.519183 376.680426 -3870.776620 -3423.691622 -2668.818159 -2289.347331 -2191.511336 2500.748616 1186.051560 -6434.758688 840.585192 -5544.388220 -3190.185974 -5873.363748 10989.696996 -6849.349487 -5822.001609 -4337.131672 13644.450546 -7237.383491 -2428.673052 8520.929555 -3514.984107 -2536.054893 3762.379095 116.272877 -6940.736370 3232.181069 -1125.338274 2929.094637 -1327.369868 -5775.177416 -6222.845153 -7041.163045 2303.482429 3267.052104 -7116.684379 7011.545870 -4851.549840 -5934.015604 -9365.594068 1833.411169 -9024.222445 -4060.868748 5754.266638 -1301.299936 -7621.489535 -1257.507672 -294.418488 1640.907798 -6626.915297 -2653.937673 6799.922904 -2956.366107 1028.333758 9707.578094 -8602.614342 -8619.525331 1312.406825 -10927.909420 16113.004246 -8628.326122 2022.146639 10164.717116 2550.222591 -5773.405241 -7284.968829 -5467.826854 13192.605354 13092.718975 2018.405255 -3782.488881 -650.429051 3197.131049 -6135.920129 4340.927008
-4737.799034 -8659.787893 7254.540511 41249.136181 -5551.745437 9970.925664 6329.886326 -5685.351079 -10143.817387 4285.149851 -1962.210631 -11890.660539 -2051.921953 188338.830518 -14763.131608 -12634.099311 -10141.852194 6540.408092 -2054.971252 94706.926130 44709.900403 -16236.400339 4172.513357 79924.069305 -12532.347516 -4514.482273 -7296.345841 -187.259233 -11790.321823 -7103.025970 -12814.617893 2522.485981 -11772.581597 -1801.157425 -16058.919989 -10749.627541 -17310.917637 -3826.446148 -119.165373 -4903.678440 7467.091867 -8605.166557 -6174.496441 -963.299067 5805.593815 -8792.229983 -9894.683434 7638.866123 94721.822227 -1809.910025 -12814.255904 -11833.364687 -9071.796565 -4390.606911 2073.773435 2127.631459 -7788.256151 -7851.672153 -13643.157746 -14056.201907 1919.101955 -3976.017152 93965.728602 -18899.181312 -10962.314222 -8830.906876 -3257.547885 3449.507865 -12510.523026 -16928.768962 -552.652580 242.874336 -3459.447677 -4893.517618 -10742.689443 -4625.077383 1409.627593 -8949.660697 -2905.608223 -3365.321532 -1853.863769 5124.064530 -6959.122404 -445.630457 5283.252652 -6193.163583 -4038.458984 -15105.323205 -15518.789214 -4702.961843 5164.053670 2242.457283 -14690.624275 -14236.167687 -4580.979059 1911.819987 -13153.205613 -11796.989353 -7226.985013 -269.283042 -5092.034427 -999.906953 -7104.315234 -15186.952481 -5334.296912 -10761.093102 -1937.717847 1295.558845 -570.036843 -4640.661456 -7992.268781 -2974.233531 -14681.071695 -11815.083081 -15355.067253 -2632.766090 -1505.719039 -16140.441802 -14228.267645 -4644.108678 -16308.209764 -11878.799008 1401.904745 -13173.425546 -6885.828227 -1123.334751 -2286.916422 -15190.181437 -9008.462816 -4947.137036 -162.419722 7894.250950 93724.274051 -10679.997587 -4950.512030 -1604.557496 8310.116419 -14266.223688 15044.103993 -12235.960383 -13442.160629 -9641.768425 12475.931033 -10260.350597 -11309.029100 4019.180479 3280.002968 -11864.656073 8110.117875 25562.097244 -7271.755607 -15587.636130 -14279.936029 697.621897 -5110.869172 -1366.156226 11092.996464 -10258.212494 -10100.196671 2006.357041 -10166.224154 -5623.742818 -9178.973251 5813.107800 10514.943848 4529.538156 94210.076579 -12488.860888 -14179.400169 -3958.825198 -3408.150573 4902.294856 -4571.769051 2410.016643 1649.922032 -13962.924080 -552.324570
-5669.645077 -1957.849384 -9101.085057 -13107.193777 -7009.549583 -12084.490903 -6062.418252 2698.034489 17588.998816 -5815.594651 783.803821 12462.941615 -3478.675866 -14763.131608 166603.236251 -259.655402 -7246.234292 -6006.904572 3357.089084 -17798.888250 -11162.954185 18923.200349 -9479.447968 -14590.022255 321.684046 -598.769985 700.213265 -10390.483982 -7945.047865 -7094.885107 20272.103634 -7479.697447 11922.233217 8149.838644 30822.971833 5817.405035 34108.756405 -2964.832770 -14356.528540 -1832.854363 -3432.433535 -5962.998666 874.759798 -11359.648742 -14494.758552 4675.038217 -7247.203755 -13009.854312 -17681.461921 -4351.983090 208.756374 -7768.783014 3846.664194 -7838.877699 -12950.801090 -11478.504632 -10089.701932 -10352.371725 9959.554323 762.634570 -11010.636381 1445.140103 -17881.457281 22952.501100 -10919.642165 4395.299424 517.389302 -10498.986701 -10131.494586 17983.236179 -6129.241697 -6012.090778 -5732.359392 -3481.188576 1814.716454 1430.357211 -13760.055877 1928.339155 -8087.167236 -5148.361350 -6349.101711 -6488.170281 -3335.137840 -5424.408742 -11340.251487 -2768.959690 3532.825874 30049.947329 25331.590489 907.847678 -2804.327986 -6563.719189 15085.233428 16942.117723 -1406.474601 -8362.472870 20576.896453 11094.742408 5504.855768 -8475.013721 -146.187150 -6220.526787 -611.332352 16523.709503 1965.645850 613.291132 5555.630228 -11400.235283 -911.259952 -5428.547375 -7843.878859 -1541.290919 7008.907307 10746.022660 23439.671913 2064.289902 -9110.114447 20648.116550 22707.424160 -5199.488569 27275.318443 16548.137586 -3148.249909 20821.276675 11947.265410 -6529.637476 -8514.262416 13818.936647 4024.100951 -6263.046234 -4592.622517 -12690.327412 -17810.352451 12827.750637 970.936346 -8077.202684 -10616.571065 35271.178185 -8764.616944 4433.288707 10192.335683 -7502.504477 -12533.123164 -8157.646750 10678.384751 -13618.648387 -9245.135343 -1326.557572 -12636.102108 -9340.188939 -8345.383057 22451.335567 20593.934665 -6421.932866 -5577.605345 -1327.778156 -50.762953 -9930.844026 -9878.141843 -13688.993742 -9393.354238 -4331.382048 -8432.528932 -14462.506385 -4341.560067 -13027.585349 -17605.021380 -704.379585 -289.859490 1635.168532 -3864.424050 -12013.839174 1374.629296 -1713.536117 -9811.413582 19335.923657 -8446.131128
2958.695828 4515.965040 -10478.508169 -18371.670891 -7130.880165 -7553.253712 598.739531 1557.615829 602.061070 -3087.697937 -5902.949866 14306.361599 -5181.311796 -12634.099311 -259.655402 174813.007222 1677.126937 -4082.550877 -2379.432917 -16122.364386 -9793.961809 1798.751168 -11436.033558 -17464.856186 54666.316799 756.281705 839.046992 -12472.450620 14082.808865 -8394.047508 -1825.119501 -2993.135045 15834.730153 4220.785521 1362.832285 -4306.684649 -941.638540 -8612.036776 -4529.001083 -5104.363586 -12117.835833 9588.996251 -4952.543373 -14708.416524 -2923.849883 8324.133117 1693.504951 -16382.518135 -16112.751327 -9156.714239 66007.117630 14499.956416 -9329.599172 -7123.722902 -11876.320122 -10755.277882 -5235.887792 -5577.777174 610.455557 57804.404297 -12828.595283 -10521.000199 -16190.204361 -1256.382165 11782.619660 -2888.739363 -4673.166306 -5578.572845 7704.857882 1032.058342 -6761.715188 -5453.498171 -3590.065835 -56.063636 6189.894694 -1927.782732 -13193.614823 766.512976 -5245.432129 -3251.322098 -8881.961059 -7061.352101 471.985166 -7296.005967 -12617.194771 -7507.734293 -1842.152961 -2736.432968 -248.907284 -3286.570991 -7355.380331 -9406.365189 1917.615002 4477.349365 -5183.210057 -2872.679874 -972.854628 284.757100 1036.871021 -7719.190886 -2241.642491 -8522.548572 -2920.695592 9452.465520 -502.744486 2769.558045 -1764.293763 -6607.615968 -6278.397368 -4422.958080 2236.306619 -5737.863463 36975.792221 244.752833 -1801.960882 -7334.073674 2874.290013 -2724.939782 1051.795677 -9373.339907 -3332.461454 76.694131 -7499.761355 587.321146 -6619.370065 -9564.899700 -8943.781097 18672.961989 -9323.776363 -6294.170151 -10096.045113 -13574.461290 -16053.102003 10032.678303 -3338.123876 -9086.018264 -7397.407654 -1295.425751 -2355.288958 45531.605666 664.701799 9114.221445 -7362.070138 12780.955953 -187.475855 -11886.746396 -14910.716510 55233.016019 -13728.525447 -10014.356829 -6183.810060 548.477767 -28.056259 -10368.974434 3766.904600 -5568.833493 -7327.305458 4674.783496 4586.519270 -13295.130587 9950.215329 -9726.687436 13900.794583 -2896.682480 -7056.938986 -15960.578483 -16060.005241 59555.871078 72038.978222 -5383.912314 -8774.203254 -14426.678727 -1734.105097 -4625.174001 -7899.470598 2095.880170 -12073.085519
-76.052055 4621.011007 -10137.867421 -15492.314690 -6844.558697 -7108.025563 -10257.235209 -2556.174630 -11786.523355 6382.027415 -14602.025441 -7014.490629 -10022.984479 -10141.852194 -7246.234292 1677.126937 209022.375259 -6345.190480 -378.341232 -15099.573976 -9927.805166 -2436.408945 -10839.822383 -15061.500697 -2504.958446 -2902.009956 -7563.538899 -13141.311434 40981.982017 -5268.397702 -11618.215625 11287.834335 -4543.462915 -8278.006884 -10247.918123 -13029.723082 -8652.311535 -14023.511298 17461.112965 -9868.165993 -16708.501161 9351.199968 -7439.892888 -14623.616937 6198.092068 -3224.509695 196493.826095 -11134.692515 -15326.453707 -8337.049282 -974.803043 41622.894429 -14154.371131 -6482.496737 -14752.356514 -8291.459016 7712.887209 7822.665404 -9376.597594 211.859277 -14591.406119 -13664.342869 -15056.637565 -11830.552805 54480.816761 -7119.521703 760.653878 3362.608771 66680.979689 -3940.499149 8303.229048 -3953.055678 -6559.523608 18701.969925 1787.265951 -4498.874689 -13058.415675 -4279.617226 3859.672794 -849.020369 -6156.085115 -11407.230628 -1858.424338 -11459.000733 -12920.764276 -13142.576524 -5124.057306 -7642.314712 -8604.754964 -3063.076261 -12117.115045 -16553.462491 -8650.190910 -3133.436648 -5902.806185 -3993.392968 -8191.116125 -11211.399507 -5791.440331 -11006.178546 -421.530734 -15443.476026 -2770.178944 -3341.516805 -6069.646866 722.905988 -9853.079207 3080.509868 -7961.111360 1888.356978 38900.624032 -10148.476304 -288.134007 -6487.818640 -8054.340013 -12793.643369 65279.379495 -10824.737187 -8659.500554 -12003.450087 -9191.867748 -11788.357415 -10838.475096 -6994.232760 -5612.876531 -14697.724740 -9313.240784 -2648.646008 -14233.328556 -6228.449416 -16039.714141 -13487.308161 -14994.275887 -5384.594048 -2179.288416 -11690.347931 -8497.381181 -10906.733235 -4835.542258 3371.025282 -9421.774839 68071.002162 -3625.831270 47234.957071 -7950.866740 -9886.938385 -12957.919812 -1306.993065 -13178.328448 -15250.029219 -8373.378230 -9913.936526 -7557.275013 -9600.581180 3494.355459 -15901.764089 -13038.270529 85463.820038 85504.306064 -13836.580590 66654.500570 -15601.708118 55395.617695 5981.289045 -7941.013262 -13019.534324 -15065.280576 -350.856508 2535.311975 -12339.657288 -15929.349390 -12696.659323 -4792.272997 -4460.480069 -3803.916383 -6466.643170 -10237.584455
